Stars/startable.ecsv
# %ECSV 0.9

# ---

# datatype:

# - {name: R, datatype: float64}

# - {name: CL, datatype: int32}

# - {name: Typ, datatype: float64}

# - {name: Teff, datatype: float64}

# - {name: Dist, datatype: float64}

# schema: astropy-2.0

R CL Typ Teff Dist

16.098 5 7.15 3582.0 0.1056

16.311 5 7.25 3405.0 0.1627

16.158 5 7.25 3420.0 0.172

16.276 5 7.2 3661.0 0.1602

16.453 5 7.15 3578.0 0.1891

16.198 5 7.2 3593.0 0.2057

16.397 5 7.15 3635.0 0.2195

16.383 5 7.15 3623.0 0.2538

16.155 5 7.05 3799.0 0.2967

16.149 5 7.15 3751.0 0.3015

16.323 5 7.1 3663.0 0.3294

16.207 5 7.0 3958.0 0.4409

16.344 5 7.0 3903.0 0.4405

16.179 5 7.0 3916.0 0.4303

16.379 5 7.0 3991.0 0.4498

16.406 5 7.0 3818.0 0.4665

16.444 5 6.85 4020.0 0.4993

16.243 5 6.8 4060.0 0.4889

16.25 5 6.8 4111.0 0.5233

16.488 5 7.0 4008.0 0.5809

16.328 5 6.7 4164.0 0.6114

16.288 5 6.7 4127.0 0.6291

16.431 5 6.7 4226.0 0.6281

16.143 5 6.5 4511.0 0.688

16.0 5 6.5 4333.0 0.7065

16.067 5 6.5 4604.0 0.7092

16.409 5 6.5 4548.0 0.7694

16.466 5 6.35 4765.0 0.9277

16.378 5 6.3 4894.0 0.9397

16.462 5 6.25 4878.0 1.0824

16.192 5 6.05 5119.0 1.0831

16.101 5 5.95 5178.0 1.0711

16.157 5 6.3 4723.0 1.1119

16.403 5 6.05 5128.0 1.1901

16.16 5 5.9 5126.0 1.1593

16.408 5 6.1 5105.0 1.173

16.077 5 5.75 5363.0 1.1513

16.13 5 5.9 5225.0 1.2062

16.02 5 5.7 5366.0 1.2099

16.376 5 5.95 5147.0 1.2249

16.018 5 5.7 5319.0 1.2729

16.369 5 6.1 5058.0 1.3199

16.353 5 5.6 5420.0 1.347

16.276 5 5.7 5422.0 1.3522

16.161 5 5.45 5600.0 1.3625

16.468 5 5.75 5291.0 1.4311

16.168 5 5.3 5633.0 1.514

16.135 5 5.15 5834.0 1.5341

16.022 5 5.25 5682.0 1.5627

16.49 5 5.45 5512.0 1.6015

16.136 5 5.15 5778.0 1.6975

16.075 5 5.15 5796.0 1.6975

16.283 5 5.25 5721.0 1.7181

16.329 5 5.4 5486.0 1.8266

16.258 5 5.15 5809.0 1.8393

16.319 5 5.15 5835.0 1.8418

16.215 5 5.05 5884.0 1.8143

16.398 5 5.15 5804.0 1.8886

16.393 5 5.05 5911.0 1.9579

16.379 5 5.15 5850.0 2.0616

16.184 5 4.95 6038.0 2.1504

16.467 5 5.05 5851.0 2.1871

16.044 5 4.9 6089.0 2.2717

16.319 5 4.9 6041.0 2.2537

16.02 5 4.8 6095.0 2.2519

16.098 5 4.9 6005.0 2.3424

16.465 5 4.7 6288.0 2.4023

16.098 5 4.8 6067.0 2.4271

16.011 5 4.75 6250.0 2.4335

16.33 5 4.9 6050.0 2.4639

16.065 5 4.8 6067.0 2.5356

16.327 5 4.8 6029.0 2.5871

16.467 5 4.9 6021.0 2.614

16.304 5 4.75 6200.0 2.8592

16.356 5 4.75 6103.0 3.0952

16.18 4 4.55 6170.0 3.0966

16.013 4 4.95 5625.0 3.4714

16.173 4 4.55 6059.0 3.6903

16.185 4 4.6 5961.0 3.7116

16.272 4 4.95 5775.0 4.0503

16.443 5 7.3 3316.0 0.1352

16.354 5 7.15 3608.0 0.1988

16.431 5 7.2 3491.0 0.2385

16.006 5 7.2 3604.0 0.2002

16.185 5 7.15 3738.0 0.2453

16.418 5 7.2 3557.0 0.2688

16.392 5 7.15 3548.0 0.2609

16.394 5 7.15 3509.0 0.2851

16.443 5 7.1 3836.0 0.2914

16.381 5 7.1 3729.0 0.3227

16.224 5 7.0 3845.0 0.3487

16.139 5 7.05 3950.0 0.3978

16.47 5 7.0 3875.0 0.3766

16.387 5 7.0 3812.0 0.3978

16.477 5 7.05 3852.0 0.4573

16.006 5 6.85 4010.0 0.4925

16.225 5 6.7 4180.0 0.5616

16.455 5 6.9 4067.0 0.6095

16.229 5 6.7 4272.0 0.6454

16.216 5 6.7 4269.0 0.6166

16.335 5 6.7 4268.0 0.6559

16.065 5 6.5 4572.0 0.6629

16.277 5 6.6 4444.0 0.6518

16.167 5 6.55 4421.0 0.7121

16.101 5 6.4 4619.0 0.7999

16.07 5 6.5 4427.0 0.8466

16.48 5 6.5 4631.0 0.8358

16.144 5 6.4 4574.0 0.8299

16.194 5 6.35 4806.0 0.8567

16.057 5 6.35 4755.0 0.9209

16.004 5 6.2 4959.0 0.9376

16.347 5 6.3 4763.0 0.9146

16.414 5 6.5 4510.0 0.9894

16.243 5 6.25 4852.0 0.9597

16.481 5 6.3 4792.0 0.998

16.126 5 6.2 4993.0 1.0463

16.4 5 6.25 4814.0 1.0714

16.281 5 6.2 4946.0 1.0866

16.222 5 6.1 5081.0 1.0789

16.046 5 5.75 5471.0 1.1663

16.082 5 5.6 5452.0 1.1729

16.315 5 5.9 5264.0 1.2417

16.315 5 5.75 5306.0 1.2245

16.274 5 6.05 5001.0 1.2565

16.229 5 5.7 5442.0 1.3951

16.416 5 5.6 5420.0 1.4007

16.11 5 5.45 5612.0 1.4039

16.48 5 5.6 5436.0 1.4979

16.243 5 5.45 5653.0 1.5408

16.069 5 5.15 5797.0 1.6313

16.205 5 5.3 5581.0 1.6453

16.006 5 5.15 5793.0 1.6247

16.274 5 5.4 5561.0 1.685

16.0 5 5.05 5917.0 1.7252

16.191 5 5.05 5893.0 1.747

16.229 5 5.05 5905.0 1.7877

16.455 5 5.3 5733.0 1.8485

16.142 5 5.05 5946.0 1.8143

16.435 5 5.05 5857.0 1.9517

16.226 5 4.95 5907.0 2.049

16.093 5 4.9 6092.0 2.0007

16.242 5 4.95 5978.0 2.1477

16.161 5 4.8 6025.0 2.3279

16.468 5 4.7 6209.0 2.3788

16.293 5 4.8 6112.0 2.4192

16.06 5 4.8 6133.0 2.4356

16.01 5 4.75 6288.0 2.6063

16.407 5 4.8 6117.0 2.7101

16.283 5 4.8 6219.0 2.734

16.325 5 4.8 6144.0 2.801

16.428 5 4.55 6328.0 2.9475

16.303 5 4.75 6141.0 3.0086

16.133 3 5.25 5309.0 5.3866

16.475 3 5.35 5200.0 7.7207

16.453 5 7.25 3448.0 0.1355

16.496 5 7.25 3461.0 0.186

16.096 5 7.25 3462.0 0.1638

16.492 5 7.25 3570.0 0.2059

16.48 5 7.15 3635.0 0.2169

16.184 5 7.15 3690.0 0.2056

16.113 5 7.1 3695.0 0.2273

16.138 5 7.15 3623.0 0.2696

16.298 5 7.15 3821.0 0.2924

16.294 5 7.1 3672.0 0.319

16.118 5 7.05 3864.0 0.3435

16.382 5 7.05 3793.0 0.3043

16.162 5 7.05 3864.0 0.3523

16.447 5 7.0 3894.0 0.3883

16.112 5 6.95 4038.0 0.3987

16.292 5 6.9 4009.0 0.3613

16.38 5 7.0 3900.0 0.407

16.098 5 6.95 3992.0 0.4066

16.03 5 6.85 4169.0 0.4129

16.169 5 6.85 3948.0 0.4193

16.412 5 7.0 3851.0 0.4578

16.069 5 7.0 3899.0 0.457

16.165 5 7.0 3978.0 0.4701

16.142 5 6.9 4077.0 0.483

16.381 5 6.8 4178.0 0.547

16.089 5 6.7 4179.0 0.5264

16.267 5 6.7 4151.0 0.5789

16.375 5 6.9 4112.0 0.6168

16.002 5 6.7 4037.0 0.6096

16.004 5 6.5 4525.0 0.6435

16.224 5 6.7 4215.0 0.6966

16.215 5 6.6 4326.0 0.6504

16.059 5 6.5 4348.0 0.7187

16.028 5 6.5 4581.0 0.724

16.011 5 6.4 4594.0 0.7046

16.178 5 6.5 4288.0 0.7618

16.144 5 6.45 4689.0 0.7598

16.288 5 6.4 4706.0 0.8278

16.144 5 6.4 4656.0 0.8977

16.279 5 6.35 4820.0 0.8985

16.392 5 6.5 4407.0 0.9594

16.4 5 6.4 4570.0 0.9941

16.168 5 6.25 4890.0 0.9526

16.34 5 6.5 4556.0 1.0097

16.47 5 6.35 4785.0 1.0329

16.314 5 6.25 4858.0 1.0243

16.037 5 6.05 5076.0 1.037

16.327 5 6.2 5010.0 1.0794

16.372 5 6.2 4958.0 1.0675

16.048 5 5.9 5267.0 1.119

16.236 5 5.9 5280.0 1.1733

16.492 5 6.05 5070.0 1.2322

16.345 5 5.9 5185.0 1.3452

16.165 5 5.55 5469.0 1.3139

16.109 5 5.6 5468.0 1.3331

16.194 5 5.45 5496.0 1.5031

16.297 5 5.3 5634.0 1.5295

16.031 5 6.0 5216.0 1.5546

16.325 5 5.3 5769.0 1.5955

16.062 5 5.15 5833.0 1.6276

16.2 5 5.15 5751.0 1.7388

16.475 5 5.3 5664.0 1.7021

16.056 5 5.05 5858.0 1.7298

16.35 5 5.15 5756.0 1.7915

16.341 5 5.05 5890.0 1.7817

16.45 5 5.05 5878.0 1.8889

16.028 5 4.95 5944.0 2.015

16.421 5 5.15 5823.0 2.0328

16.429 5 5.05 5806.0 2.0511

16.064 5 4.8 6089.0 2.053

16.379 5 5.15 5770.0 2.1067

16.482 5 5.05 5856.0 2.1959

16.22 5 4.95 5982.0 2.2417

16.118 5 4.9 6091.0 2.4412

16.231 5 4.9 6038.0 2.405

16.16 5 4.8 6064.0 2.4744

16.306 5 4.65 6220.0 2.5486

16.053 4 4.4 6466.0 2.8987

16.337 5 4.75 6268.0 2.9777

16.462 5 4.85 6035.0 3.026

16.46 5 4.75 6182.0 3.2946

16.179 4 4.6 5986.0 3.3743

16.445 4 4.6 6047.0 3.6118

16.447 4 4.95 5637.0 4.2785

16.199 3 5.25 5310.0 5.8585

16.311 3 5.35 5161.0 7.5497

16.453 5 7.25 3448.0 0.1355

16.496 5 7.25 3461.0 0.186

16.096 5 7.25 3462.0 0.1638

16.492 5 7.25 3570.0 0.2059

16.48 5 7.15 3635.0 0.2169

16.184 5 7.15 3690.0 0.2056

16.113 5 7.1 3695.0 0.2273

16.138 5 7.15 3623.0 0.2696

16.298 5 7.15 3821.0 0.2924

16.294 5 7.1 3672.0 0.319

16.118 5 7.05 3864.0 0.3435

16.382 5 7.05 3793.0 0.3043

16.162 5 7.05 3864.0 0.3523

16.447 5 7.0 3894.0 0.3883

16.112 5 6.95 4038.0 0.3987

16.292 5 6.9 4009.0 0.3613

16.38 5 7.0 3900.0 0.407

16.098 5 6.95 3992.0 0.4066

16.03 5 6.85 4169.0 0.4129

16.169 5 6.85 3948.0 0.4193

16.412 5 7.0 3851.0 0.4578

16.069 5 7.0 3899.0 0.457

16.165 5 7.0 3978.0 0.4701

16.142 5 6.9 4077.0 0.483

16.381 5 6.8 4178.0 0.547

16.089 5 6.7 4179.0 0.5264

16.267 5 6.7 4151.0 0.5789

16.375 5 6.9 4112.0 0.6168

16.002 5 6.7 4037.0 0.6096

16.004 5 6.5 4525.0 0.6435

16.224 5 6.7 4215.0 0.6966

16.215 5 6.6 4326.0 0.6504

16.059 5 6.5 4348.0 0.7187

16.028 5 6.5 4581.0 0.724

16.011 5 6.4 4594.0 0.7046

16.178 5 6.5 4288.0 0.7618

16.144 5 6.45 4689.0 0.7598

16.288 5 6.4 4706.0 0.8278

16.142 5 6.35 4708.0 0.8743

16.134 5 6.25 4883.0 0.8745

16.286 5 6.5 4376.0 0.907

16.281 5 6.2 4906.0 0.925

16.163 5 6.25 4938.0 0.9788

16.357 5 6.25 4843.0 1.0127

16.239 5 6.2 4951.0 1.037

16.019 5 5.9 5280.0 1.0537

16.291 5 6.3 4606.0 1.1404

16.0 5 5.9 5249.0 1.12

16.208 5 6.05 5089.0 1.1732

16.257 5 6.3 4804.0 1.2367

16.045 5 5.55 5473.0 1.2926

16.426 5 5.55 5510.0 1.2661

16.305 5 5.75 5321.0 1.288

16.181 5 5.7 5283.0 1.3186

16.337 5 5.7 5427.0 1.3984

16.026 5 5.55 5437.0 1.4426

16.372 5 5.45 5480.0 1.4548

16.145 5 5.8 5125.0 1.5128

16.019 5 5.3 5625.0 1.5077

16.388 5 5.15 5778.0 1.8102

16.248 5 4.95 6010.0 1.9636

16.351 5 5.05 5889.0 2.0436

16.256 5 4.95 5977.0 2.0755

16.338 5 5.05 5850.0 2.2038

16.135 5 4.9 6120.0 2.2682

16.01 5 4.8 6108.0 2.3904

16.292 5 4.8 6103.0 2.4356

16.161 5 4.8 6176.0 2.4566

16.014 5 4.75 6175.0 2.5268

16.366 5 4.8 6100.0 2.5736

16.448 5 4.6 6355.0 2.7597

16.224 5 4.8 6087.0 2.8979

16.131 4 4.55 6207.0 2.9557

16.094 4 4.55 6158.0 3.1698

16.12 4 4.95 5683.0 3.9789

16.45 4 5.15 5481.0 5.5199

16.001 3 5.25 5310.0 5.9318

16.355 5 7.4 3163.0 0.0825

16.19 5 7.3 3376.0 0.1293

16.02 5 7.2 3534.0 0.1442

16.405 5 7.3 3359.0 0.1529

16.314 5 7.3 3348.0 0.1527

16.265 5 7.25 3576.0 0.194

16.391 5 7.25 3497.0 0.2011

16.259 5 7.2 3635.0 0.2164

16.046 5 7.15 3722.0 0.2058

16.069 5 7.0 3932.0 0.27

16.13 5 7.05 3747.0 0.321

16.437 5 7.1 3780.0 0.3071

16.463 5 7.05 3753.0 0.3277

16.135 5 7.05 3714.0 0.3729

16.336 5 7.05 3771.0 0.4071

16.462 5 7.05 3878.0 0.4415

16.121 5 7.0 3847.0 0.432

16.162 5 7.0 4024.0 0.4309

16.395 5 6.95 4041.0 0.4399

16.106 5 7.0 3920.0 0.4964

16.369 5 6.9 4123.0 0.4702

16.209 5 6.85 4028.0 0.466

16.218 5 6.7 4085.0 0.5453

16.457 5 6.9 3987.0 0.5216

16.135 5 6.7 4342.0 0.5665

16.431 5 6.75 4235.0 0.6248

16.059 5 6.6 4354.0 0.618

16.338 5 6.7 4166.0 0.6761

16.198 5 6.6 4347.0 0.6681

16.485 5 6.75 4253.0 0.7386

16.376 5 6.6 4422.0 0.7281

16.128 5 6.5 4608.0 0.7243

16.435 5 6.55 4430.0 0.7954

16.164 5 6.4 4623.0 0.8486

16.345 5 6.45 4610.0 0.8141

16.022 5 6.3 4753.0 0.8486

16.491 5 6.5 4543.0 0.8629

16.396 5 6.4 4636.0 0.8946

16.462 5 6.4 4627.0 0.9041

16.154 5 6.25 4920.0 0.9214

16.241 5 6.2 4946.0 0.9199

16.205 5 6.35 4644.0 0.9538

16.251 5 6.25 4794.0 0.9966

16.286 5 6.5 4520.0 1.0416

16.449 5 6.5 4546.0 1.0549

16.032 5 6.3 4768.0 1.0626

16.139 5 5.75 5221.0 1.0869

16.332 5 6.2 5037.0 1.1445

16.459 5 6.05 5182.0 1.1447

16.034 5 5.9 5251.0 1.1407

16.352 5 6.1 5078.0 1.1444

16.304 5 6.05 5172.0 1.1943

16.111 5 5.75 5309.0 1.1612

16.329 5 5.9 5297.0 1.2242

16.049 5 5.7 5289.0 1.2353

16.047 5 5.55 5493.0 1.2494

16.304 5 5.9 5256.0 1.2948

16.192 5 5.7 5367.0 1.2853

16.388 5 5.7 5325.0 1.3408

16.498 5 5.9 5209.0 1.387

16.129 5 5.55 5451.0 1.3843

16.058 5 5.4 5559.0 1.3617

16.07 5 5.45 5570.0 1.3558

16.458 5 5.9 5238.0 1.4009

16.223 5 5.6 5490.0 1.4077

16.263 5 5.45 5634.0 1.4419

16.189 5 5.55 5439.0 1.4699

16.25 5 5.55 5473.0 1.5168

16.377 5 5.55 5479.0 1.5715

16.183 5 5.4 5626.0 1.583

16.319 5 5.3 5649.0 1.619

16.168 5 5.15 5898.0 1.6481

16.061 5 5.05 5900.0 1.6321

16.255 5 5.4 5639.0 1.6752

16.208 5 5.25 5696.0 1.6838

16.336 5 5.3 5688.0 1.6555

16.265 5 5.15 5722.0 1.6779

16.261 5 5.4 5671.0 1.7391

16.062 5 5.3 5643.0 1.704

16.393 5 5.4 5607.0 1.7803

16.045 5 4.95 6012.0 1.775

16.22 5 5.05 5894.0 1.8268

16.2 5 5.15 5769.0 1.8858

16.131 5 5.05 5896.0 1.8712

16.268 5 5.05 5990.0 1.911

16.187 5 5.05 5860.0 1.9715

16.488 5 5.15 5830.0 1.9722

16.414 5 5.05 5881.0 1.97

16.218 5 4.95 5901.0 1.9512

16.137 5 4.9 6085.0 1.9689

16.251 5 5.15 5852.0 2.0101

16.409 5 5.05 6016.0 2.0267

16.189 5 4.95 6010.0 2.0202

16.397 5 5.05 5873.0 2.1315

16.185 5 4.95 5913.0 2.1403

16.096 5 4.9 6071.0 2.1844

16.381 5 5.05 5974.0 2.1806

16.259 5 4.95 5961.0 2.1969

16.368 5 4.95 5933.0 2.2932

16.0 5 4.9 6062.0 2.2922

16.375 5 4.8 6051.0 2.4515

16.275 5 4.9 5948.0 2.5386

16.463 5 4.9 6070.0 2.5024

16.394 5 4.9 6088.0 2.5578

16.355 5 4.75 6133.0 2.6578

16.426 5 4.85 6052.0 2.7335

16.246 5 4.8 6098.0 2.7049

16.134 5 4.75 6125.0 2.751

16.398 5 4.8 6152.0 2.8036

16.266 5 4.75 6145.0 2.8448

16.145 4 4.55 6127.0 2.8372

16.481 5 4.8 6092.0 2.8939

16.41 5 4.8 6210.0 2.9156

16.01 4 4.55 6088.0 2.9085

16.27 5 4.75 6141.0 2.9543

16.296 5 4.75 6204.0 3.0314

16.097 4 4.55 6133.0 3.0239

16.138 5 4.75 6124.0 3.055

16.421 5 4.75 6132.0 3.1902

16.318 5 4.8 6107.0 3.2271

16.06 4 4.6 6121.0 3.2097

16.41 5 4.75 6158.0 3.301

16.02 4 4.6 6067.0 3.316

16.028 4 4.95 5642.0 3.331

16.367 4 4.55 6156.0 3.4203

16.069 4 4.95 5698.0 3.5074

16.466 4 4.55 6089.0 3.5778

16.351 4 4.6 6130.0 3.6743

16.39 4 4.55 6152.0 3.719

16.149 4 4.95 5695.0 3.7214

16.401 4 4.6 6094.0 3.7526

16.368 4 4.55 6118.0 4.2179

16.45 4 4.95 5659.0 4.2986

16.003 3 5.5 4999.0 5.1026

16.39 3 5.45 5117.0 5.8145

16.466 3 5.3 5275.0 7.0465

16.235 3 5.65 5000.0 8.6966

16.443 5 7.3 3316.0 0.1352

16.354 5 7.15 3608.0 0.1988

16.431 5 7.2 3491.0 0.2385

16.006 5 7.2 3604.0 0.2002

16.185 5 7.15 3738.0 0.2453

16.418 5 7.2 3557.0 0.2688

16.392 5 7.15 3548.0 0.2609

16.394 5 7.15 3509.0 0.2851

16.443 5 7.1 3836.0 0.2914

16.381 5 7.1 3729.0 0.3227

16.224 5 7.0 3845.0 0.3487

16.139 5 7.05 3950.0 0.3978

16.47 5 7.0 3875.0 0.3766

16.387 5 7.0 3812.0 0.3978

16.477 5 7.05 3852.0 0.4573

16.006 5 6.85 4010.0 0.4925

16.225 5 6.7 4180.0 0.5616

16.455 5 6.9 4067.0 0.6095

16.229 5 6.7 4272.0 0.6454

16.216 5 6.7 4269.0 0.6166

16.335 5 6.7 4268.0 0.6559

16.065 5 6.5 4572.0 0.6629

16.277 5 6.6 4444.0 0.6518

16.167 5 6.55 4421.0 0.7121

16.101 5 6.4 4619.0 0.7999

16.07 5 6.5 4427.0 0.8466

16.48 5 6.5 4631.0 0.8358

16.144 5 6.4 4574.0 0.8299

16.194 5 6.35 4806.0 0.8567

16.057 5 6.35 4755.0 0.9209

16.004 5 6.2 4959.0 0.9376

16.347 5 6.3 4763.0 0.9146

16.414 5 6.5 4510.0 0.9894

16.243 5 6.25 4852.0 0.9597

16.481 5 6.3 4792.0 0.998

16.126 5 6.2 4993.0 1.0463

16.4 5 6.25 4814.0 1.0714

16.281 5 6.2 4946.0 1.0866

16.222 5 6.1 5081.0 1.0789

16.046 5 5.75 5471.0 1.1663

16.082 5 5.6 5452.0 1.1729

16.315 5 5.9 5264.0 1.2417

16.315 5 5.75 5306.0 1.2245

16.274 5 6.05 5001.0 1.2565

16.229 5 5.7 5442.0 1.3951

16.416 5 5.6 5420.0 1.4007

16.11 5 5.45 5612.0 1.4039

16.48 5 5.6 5436.0 1.4979

16.243 5 5.45 5653.0 1.5408

16.069 5 5.15 5797.0 1.6313

16.205 5 5.3 5581.0 1.6453

16.006 5 5.15 5793.0 1.6247

16.274 5 5.4 5561.0 1.685

16.0 5 5.05 5917.0 1.7252

16.191 5 5.05 5893.0 1.747

16.229 5 5.05 5905.0 1.7877

16.455 5 5.3 5733.0 1.8485

16.142 5 5.05 5946.0 1.8143

16.435 5 5.05 5857.0 1.9517

16.226 5 4.95 5907.0 2.049

16.093 5 4.9 6092.0 2.0007

16.242 5 4.95 5978.0 2.1477

16.161 5 4.8 6025.0 2.3279

16.468 5 4.7 6209.0 2.3788

16.293 5 4.8 6112.0 2.4192

16.06 5 4.8 6133.0 2.4356

16.01 5 4.75 6288.0 2.6063

16.407 5 4.8 6117.0 2.7101

16.283 5 4.8 6219.0 2.734

16.325 5 4.8 6144.0 2.801

16.428 5 4.55 6328.0 2.9475

16.303 5 4.75 6141.0 3.0086

16.223 3 5.25 5301.0 6.0935

16.098 5 7.15 3582.0 0.1056

16.311 5 7.25 3405.0 0.1627

16.158 5 7.25 3420.0 0.172

16.276 5 7.2 3661.0 0.1602

16.453 5 7.15 3578.0 0.1891

16.198 5 7.2 3593.0 0.2057

16.397 5 7.15 3635.0 0.2195

16.383 5 7.15 3623.0 0.2538

16.155 5 7.05 3799.0 0.2967

16.149 5 7.15 3751.0 0.3015

16.323 5 7.1 3663.0 0.3294

16.207 5 7.0 3958.0 0.4409

16.344 5 7.0 3903.0 0.4405

16.179 5 7.0 3916.0 0.4303

16.379 5 7.0 3991.0 0.4498

16.406 5 7.0 3818.0 0.4665

16.444 5 6.85 4020.0 0.4993

16.243 5 6.8 4060.0 0.4889

16.25 5 6.8 4111.0 0.5233

16.488 5 7.0 4008.0 0.5809

16.328 5 6.7 4164.0 0.6114

16.288 5 6.7 4127.0 0.6291

16.431 5 6.7 4226.0 0.6281

16.143 5 6.5 4511.0 0.688

16.0 5 6.5 4333.0 0.7065

16.067 5 6.5 4604.0 0.7092

16.409 5 6.5 4548.0 0.7694

16.466 5 6.35 4765.0 0.9277

16.378 5 6.3 4894.0 0.9397

16.462 5 6.25 4878.0 1.0824

16.192 5 6.05 5119.0 1.0831
