Stars/startable.ecsv
# %ECSV 0.9

[from data line 1135]

16.157 5 6.3 4723.0 1.1119

16.403 5 6.05 5128.0 1.1901

16.16 5 5.9 5126.0 1.1593

16.408 5 6.1 5105.0 1.173

16.077 5 5.75 5363.0 1.1513

16.13 5 5.9 5225.0 1.2062

16.02 5 5.7 5366.0 1.2099

16.376 5 5.95 5147.0 1.2249

16.018 5 5.7 5319.0 1.2729

16.369 5 6.1 5058.0 1.3199

16.353 5 5.6 5420.0 1.347

16.276 5 5.7 5422.0 1.3522

16.161 5 5.45 5600.0 1.3625

16.468 5 5.75 5291.0 1.4311

16.168 5 5.3 5633.0 1.514

16.135 5 5.15 5834.0 1.5341

16.022 5 5.25 5682.0 1.5627

16.49 5 5.45 5512.0 1.6015

16.136 5 5.15 5778.0 1.6975

16.075 5 5.15 5796.0 1.6975

16.283 5 5.25 5721.0 1.7181

16.329 5 5.4 5486.0 1.8266

16.258 5 5.15 5809.0 1.8393

16.319 5 5.15 5835.0 1.8418

16.215 5 5.05 5884.0 1.8143

16.398 5 5.15 5804.0 1.8886

16.393 5 5.05 5911.0 1.9579

16.005 5 4.95 6013.0 2.0616

16.241 5 4.9 6060.0 2.2227

16.104 5 4.8 6065.0 2.2782

16.438 5 4.95 6057.0 2.318

16.08 5 4.8 6170.0 2.3611

16.206 5 4.9 6057.0 2.4189

16.224 5 4.8 6091.0 2.4622

16.185 5 4.9 6032.0 2.5139

16.024 5 4.8 6172.0 2.5055

16.325 5 4.8 6222.0 2.6922

16.333 5 4.8 6157.0 2.9842

16.291 5 4.75 6153.0 3.0129

16.24 4 4.55 6158.0 3.1282

16.477 4 4.55 6148.0 3.3631

16.176 4 4.6 6053.0 3.5308

16.459 4 5.15 5441.0 5.4037

16.038 3 5.35 5174.0 7.7451

16.023 5 7.35 3293.0 0.087

16.029 5 7.2 3620.0 0.1465

16.172 5 7.3 3376.0 0.1527

16.418 5 7.25 3457.0 0.1848

16.424 5 7.25 3558.0 0.194

16.054 5 7.2 3574.0 0.1733

16.178 5 7.2 3625.0 0.1977

16.26 5 7.15 3635.0 0.1771

16.083 5 7.2 3519.0 0.2008

16.229 5 7.2 3562.0 0.226

16.055 5 7.15 3623.0 0.2402

16.18 5 7.15 3643.0 0.2292

16.243 5 7.1 3775.0 0.2474

16.316 5 7.15 3739.0 0.2798

16.032 5 7.15 3660.0 0.266

16.408 5 7.1 3714.0 0.2857

16.265 5 7.1 3788.0 0.3384

16.239 5 7.0 3932.0 0.3495

16.078 5 7.0 4000.0 0.3975

16.329 5 7.05 3898.0 0.4113

16.476 5 7.0 3939.0 0.427

16.48 5 7.05 3857.0 0.4917

16.215 5 7.0 3968.0 0.4764

16.084 5 7.0 3898.0 0.4735

16.413 5 7.0 4024.0 0.5099

16.013 5 6.6 4420.0 0.5801

16.073 5 6.7 4124.0 0.6155

16.067 5 6.6 4389.0 0.6129

16.478 5 6.6 4380.0 0.7415

16.484 5 6.6 4429.0 0.7086

16.364 5 6.7 4214.0 0.7769

16.326 5 6.5 4187.0 0.7762

16.392 5 6.55 4454.0 0.7631

16.319 5 6.5 4596.0 0.7892

16.032 5 6.3 4862.0 0.7796

16.177 5 6.5 4508.0 0.8149

16.353 5 6.45 4625.0 0.8032

16.418 5 6.35 4725.0 0.8462

16.072 5 6.35 4728.0 0.8822

16.028 5 6.25 5006.0 0.897

16.003 5 6.1 5133.0 0.8757

16.268 5 6.35 4719.0 0.9138

16.429 5 6.35 4657.0 0.9115

16.338 5 6.35 4717.0 0.9616

16.246 5 6.2 4937.0 0.9701

16.208 5 6.1 5053.0 1.0048

16.346 5 6.2 5015.0 1.0865

16.373 5 6.2 4964.0 1.1133

16.133 5 6.05 5055.0 1.1208

16.235 5 5.95 5168.0 1.1343

16.364 5 6.05 5156.0 1.1864

16.353 5 6.2 4986.0 1.2012

16.131 5 5.7 5356.0 1.207

16.15 5 5.75 5299.0 1.2261

16.126 5 5.55 5522.0 1.2991

16.471 5 5.95 5166.0 1.2766

16.251 5 5.7 5320.0 1.3063

16.406 5 5.75 5411.0 1.3496

16.022 5 5.45 5562.0 1.3744

16.071 5 6.0 5121.0 1.4038

16.216 5 5.45 5536.0 1.4292

16.063 5 5.3 5706.0 1.4384

16.213 5 5.55 5500.0 1.4556

16.385 5 5.6 5421.0 1.5935

16.42 5 5.45 5559.0 1.5578

16.225 5 5.3 5738.0 1.5735

16.114 5 4.85 6158.0 1.6121

16.406 5 5.3 5721.0 1.6192

16.047 5 5.15 5822.0 1.6352

16.217 5 5.25 5814.0 1.6993

16.002 5 5.15 5849.0 1.672

16.358 5 5.3 5746.0 1.6601

16.267 5 5.25 5699.0 1.7492

16.479 5 5.3 5713.0 1.7461

16.305 5 5.25 5672.0 1.781

16.228 5 5.8 5375.0 1.8252

16.385 5 5.15 5834.0 1.8184

16.257 5 5.15 5720.0 1.8964

16.481 5 5.3 5664.0 1.852

16.284 5 5.05 5897.0 1.8569

16.408 5 5.05 5936.0 1.9174

16.46 5 5.05 5913.0 2.0761

16.217 5 4.95 5955.0 2.1178

16.467 5 5.15 5764.0 2.1927

16.389 5 5.05 5923.0 2.1595

16.209 5 4.9 6042.0 2.1793

16.173 5 4.8 6185.0 2.1794

16.433 5 5.05 5948.0 2.2276

16.475 5 4.95 5981.0 2.2403

16.294 5 4.9 6059.0 2.2413

16.39 5 4.9 5965.0 2.2617

16.401 5 4.9 6101.0 2.306

16.408 5 4.9 6031.0 2.4361

16.388 5 4.8 6114.0 2.4766

16.382 5 4.8 6165.0 2.5089

16.127 5 4.8 6116.0 2.5809

16.121 5 4.75 6114.0 2.6323

16.357 5 4.8 6086.0 2.7668

16.485 5 4.9 5997.0 2.8614

16.378 5 4.8 6129.0 2.8845

16.15 5 4.75 6155.0 2.8959

16.203 4 4.6 6202.0 3.0623

16.16 4 4.55 6149.0 3.0582

16.364 4 4.55 6218.0 3.4392

16.106 4 4.6 6073.0 3.4143

16.059 4 4.55 6080.0 3.4543

16.261 4 4.55 6091.0 3.641

16.109 4 4.95 5731.0 3.9091

16.362 3 5.55 5000.0 7.1802

16.242 5 7.3 3387.0 0.1443

16.095 5 7.2 3601.0 0.1888

16.117 5 7.2 3519.0 0.2185

16.412 5 7.2 3538.0 0.2393

16.181 5 7.1 3653.0 0.2288

16.016 5 7.1 3701.0 0.2799

16.06 5 7.1 3705.0 0.2534

16.213 5 7.15 3623.0 0.3

16.06 5 7.0 3882.0 0.3125

16.341 5 7.05 3757.0 0.377

16.151 5 7.05 3843.0 0.3555

16.107 5 7.05 3804.0 0.3606

16.095 5 7.0 3935.0 0.3876

16.064 5 7.0 3814.0 0.4185

16.42 5 7.0 3946.0 0.4128

16.009 5 6.85 4090.0 0.4002

16.034 5 6.9 4004.0 0.481

16.437 5 6.95 4053.0 0.4654

16.264 5 7.0 3974.0 0.5101

16.499 5 6.85 4041.0 0.5244

16.077 5 6.75 4145.0 0.5413

16.261 5 6.9 4151.0 0.5684

16.207 5 6.75 4304.0 0.596

16.198 5 6.7 4324.0 0.5927

16.296 5 6.7 4238.0 0.6395

16.221 5 6.7 4327.0 0.6142

16.116 5 6.6 4371.0 0.6346

16.496 5 6.9 4030.0 0.6961

16.189 5 6.6 4510.0 0.6731

16.4 5 6.7 4157.0 0.7007

16.429 5 6.7 4206.0 0.7402

16.222 5 6.5 4570.0 0.7345

16.455 5 6.55 4466.0 0.7884

16.027 5 6.4 4672.0 0.7518

16.236 5 6.4 4679.0 0.8487

16.091 5 6.35 4890.0 0.8167

16.359 5 6.5 4278.0 0.8708

16.328 5 6.35 4711.0 0.8835

16.469 5 6.5 4585.0 0.9487

16.316 5 6.35 4776.0 0.9443

16.247 5 6.2 4953.0 0.9726

16.328 5 6.4 4616.0 1.0004

16.408 5 6.2 5034.0 1.0965

16.067 5 5.9 5269.0 1.0919

16.316 5 6.05 5129.0 1.1182

16.074 5 5.9 5182.0 1.1257

16.005 5 5.7 5355.0 1.1487

16.039 5 5.75 5300.0 1.1944

16.343 5 5.9 5225.0 1.2916

16.329 5 5.95 5173.0 1.2996

16.445 5 5.75 5281.0 1.3

16.283 5 5.4 5597.0 1.3133

16.247 5 5.6 5392.0 1.3576

16.169 5 5.55 5530.0 1.4052

16.434 5 5.6 5438.0 1.4152

16.257 5 5.45 5557.0 1.4363

16.399 5 5.7 5339.0 1.4549

16.424 5 5.45 5613.0 1.5081

16.36 5 5.3 5637.0 1.6429

16.383 5 5.15 5730.0 1.7443

16.127 5 5.05 5843.0 1.7741

16.271 5 5.05 5915.0 1.8502

16.002 5 4.9 6114.0 1.9051

16.291 5 5.05 5839.0 1.9743

16.003 5 4.95 5901.0 1.9567

16.345 5 5.05 5840.0 2.0394

16.017 5 4.9 6038.0 2.0138

16.5 5 5.0 6000.0 2.0527

16.385 5 4.95 5964.0 2.0752

16.364 5 5.05 5845.0 2.1231

16.371 5 4.95 5932.0 2.1202

16.277 5 4.95 5975.0 2.2374

16.207 5 4.8 6107.0 2.446

16.324 5 4.65 6313.0 2.4799

16.457 5 4.9 6044.0 2.4835

16.361 5 4.6 6328.0 2.5413

16.45 5 4.9 6129.0 2.559

16.359 5 4.8 6153.0 2.8116

16.092 5 4.75 6146.0 2.8141

16.429 5 4.75 6194.0 3.0146

16.386 5 4.75 6130.0 3.1374

16.216 4 4.55 6145.0 3.2564

16.355 5 7.4 3163.0 0.0825

16.19 5 7.3 3376.0 0.1293

16.02 5 7.2 3534.0 0.1442

16.405 5 7.3 3359.0 0.1529

16.314 5 7.3 3348.0 0.1527

16.265 5 7.25 3576.0 0.194

16.391 5 7.25 3497.0 0.2011

16.259 5 7.2 3635.0 0.2164

16.046 5 7.15 3722.0 0.2058

16.069 5 7.0 3932.0 0.27

16.13 5 7.05 3747.0 0.321

16.437 5 7.1 3780.0 0.3071

16.463 5 7.05 3753.0 0.3277

16.135 5 7.05 3714.0 0.3729

16.336 5 7.05 3771.0 0.4071

16.462 5 7.05 3878.0 0.4415

16.121 5 7.0 3847.0 0.432

16.162 5 7.0 4024.0 0.4309

16.395 5 6.95 4041.0 0.4399

16.106 5 7.0 3920.0 0.4964

16.369 5 6.9 4123.0 0.4702

16.209 5 6.85 4028.0 0.466

16.218 5 6.7 4085.0 0.5453

16.457 5 6.9 3987.0 0.5216

16.135 5 6.7 4342.0 0.5665

16.431 5 6.75 4235.0 0.6248

16.059 5 6.6 4354.0 0.618

16.338 5 6.7 4166.0 0.6761

16.198 5 6.6 4347.0 0.6681

16.485 5 6.75 4253.0 0.7386

16.376 5 6.6 4422.0 0.7281

16.128 5 6.5 4608.0 0.7243

16.435 5 6.55 4430.0 0.7954

16.164 5 6.4 4623.0 0.8486

16.345 5 6.45 4610.0 0.8141

16.022 5 6.3 4753.0 0.8486

16.491 5 6.5 4543.0 0.8629

16.396 5 6.4 4636.0 0.8946

16.462 5 6.4 4627.0 0.9041

16.154 5 6.25 4920.0 0.9214

16.241 5 6.2 4946.0 0.9199

16.205 5 6.35 4644.0 0.9538

16.251 5 6.25 4794.0 0.9966

16.286 5 6.5 4520.0 1.0416

16.449 5 6.5 4546.0 1.0549

16.032 5 6.3 4768.0 1.0626

16.139 5 5.75 5221.0 1.0869

16.332 5 6.2 5037.0 1.1445

16.459 5 6.05 5182.0 1.1447

16.034 5 5.9 5251.0 1.1407

16.352 5 6.1 5078.0 1.1444

16.304 5 6.05 5172.0 1.1943

16.111 5 5.75 5309.0 1.1612

16.329 5 5.9 5297.0 1.2242

16.049 5 5.7 5289.0 1.2353

16.047 5 5.55 5493.0 1.2494

16.304 5 5.9 5256.0 1.2948

16.192 5 5.7 5367.0 1.2853

16.388 5 5.7 5325.0 1.3408

16.498 5 5.9 5209.0 1.387

16.129 5 5.55 5451.0 1.3843

16.058 5 5.4 5559.0 1.3617

16.07 5 5.45 5570.0 1.3558

16.458 5 5.9 5238.0 1.4009

16.223 5 5.6 5490.0 1.4077

16.263 5 5.45 5634.0 1.4419

16.189 5 5.55 5439.0 1.4699

16.25 5 5.55 5473.0 1.5168

16.377 5 5.55 5479.0 1.5715

16.183 5 5.4 5626.0 1.583

16.319 5 5.3 5649.0 1.619

16.168 5 5.15 5898.0 1.6481

16.061 5 5.05 5900.0 1.6321

16.255 5 5.4 5639.0 1.6752

16.208 5 5.25 5696.0 1.6838

16.336 5 5.3 5688.0 1.6555

16.265 5 5.15 5722.0 1.6779

16.261 5 5.4 5671.0 1.7391

16.062 5 5.3 5643.0 1.704

16.393 5 5.4 5607.0 1.7803

16.045 5 4.95 6012.0 1.775

16.22 5 5.05 5894.0 1.8268

16.2 5 5.15 5769.0 1.8858

16.131 5 5.05 5896.0 1.8712

16.268 5 5.05 5990.0 1.911

16.187 5 5.05 5860.0 1.9715

16.488 5 5.15 5830.0 1.9722

16.414 5 5.05 5881.0 1.97

16.218 5 4.95 5901.0 1.9512

16.137 5 4.9 6085.0 1.9689

16.251 5 5.15 5852.0 2.0101

16.409 5 5.05 6016.0 2.0267

16.189 5 4.95 6010.0 2.0202

16.397 5 5.05 5873.0 2.1315

16.185 5 4.95 5913.0 2.1403

16.096 5 4.9 6071.0 2.1844

16.381 5 5.05 5974.0 2.1806

16.259 5 4.95 5961.0 2.1969

16.368 5 4.95 5933.0 2.2932

16.0 5 4.9 6062.0 2.2922

16.375 5 4.8 6051.0 2.4515

16.275 5 4.9 5948.0 2.5386

16.463 5 4.9 6070.0 2.5024

16.394 5 4.9 6088.0 2.5578

16.355 5 4.75 6133.0 2.6578

16.426 5 4.85 6052.0 2.7335

16.246 5 4.8 6098.0 2.7049

16.134 5 4.75 6125.0 2.751

16.398 5 4.8 6152.0 2.8036

16.266 5 4.75 6145.0 2.8448

16.145 4 4.55 6127.0 2.8372

16.481 5 4.8 6092.0 2.8939

16.41 5 4.8 6210.0 2.9156

16.01 4 4.55 6088.0 2.9085

16.27 5 4.75 6141.0 2.9543

16.296 5 4.75 6204.0 3.0314

16.097 4 4.55 6133.0 3.0239

16.138 5 4.75 6124.0 3.055

16.421 5 4.75 6132.0 3.1902

16.318 5 4.8 6107.0 3.2271

16.06 4 4.6 6121.0 3.2097

16.41 5 4.75 6158.0 3.301

16.02 4 4.6 6067.0 3.316

16.028 4 4.95 5642.0 3.331

16.367 4 4.55 6156.0 3.4203

16.069 4 4.95 5698.0 3.5074

16.466 4 4.55 6089.0 3.5778

16.351 4 4.6 6130.0 3.6743

16.39 4 4.55 6152.0 3.719

16.149 4 4.95 5695.0 3.7214

16.401 4 4.6 6094.0 3.7526

16.368 4 4.55 6118.0 4.2179

16.45 4 4.95 5659.0 4.2986

16.003 3 5.5 4999.0 5.1026

16.39 3 5.45 5117.0 5.8145

16.466 3 5.3 5275.0 7.0465

16.235 3 5.65 5000.0 8.6966

16.242 5 7.3 3387.0 0.1443

16.095 5 7.2 3601.0 0.1888

16.117 5 7.2 3519.0 0.2185

16.412 5 7.2 3538.0 0.2393

16.181 5 7.1 3653.0 0.2288

16.016 5 7.1 3701.0 0.2799

16.06 5 7.1 3705.0 0.2534

16.213 5 7.15 3623.0 0.3

16.06 5 7.0 3882.0 0.3125

16.341 5 7.05 3757.0 0.377

16.151 5 7.05 3843.0 0.3555

16.107 5 7.05 3804.0 0.3606

16.095 5 7.0 3935.0 0.3876

16.064 5 7.0 3814.0 0.4185

16.42 5 7.0 3946.0 0.4128

16.009 5 6.85 4090.0 0.4002

16.034 5 6.9 4004.0 0.481

16.437 5 6.95 4053.0 0.4654

16.264 5 7.0 3974.0 0.5101

16.499 5 6.85 4041.0 0.5244

16.077 5 6.75 4145.0 0.5413

16.261 5 6.9 4151.0 0.5684

16.207 5 6.75 4304.0 0.596

16.198 5 6.7 4324.0 0.5927

16.296 5 6.7 4238.0 0.6395

16.221 5 6.7 4327.0 0.6142

16.116 5 6.6 4371.0 0.6346

16.496 5 6.9 4030.0 0.6961

16.189 5 6.6 4510.0 0.6731

16.4 5 6.7 4157.0 0.7007

16.429 5 6.7 4206.0 0.7402

16.222 5 6.5 4570.0 0.7345

16.455 5 6.55 4466.0 0.7884

16.027 5 6.4 4672.0 0.7518

16.236 5 6.4 4679.0 0.8487

16.091 5 6.35 4890.0 0.8167

16.359 5 6.5 4278.0 0.8708

16.328 5 6.35 4711.0 0.8835

16.469 5 6.5 4585.0 0.9487

16.316 5 6.35 4776.0 0.9443

16.247 5 6.2 4953.0 0.9726

16.328 5 6.4 4616.0 1.0004

16.408 5 6.2 5034.0 1.0965

16.067 5 5.9 5269.0 1.0919

16.316 5 6.05 5129.0 1.1182

16.074 5 5.9 5182.0 1.1257

16.005 5 5.7 5355.0 1.1487

16.039 5 5.75 5300.0 1.1944

16.343 5 5.9 5225.0 1.2916

16.329 5 5.95 5173.0 1.2996

16.445 5 5.75 5281.0 1.3

16.283 5 5.4 5597.0 1.3133

16.247 5 5.6 5392.0 1.3576

16.169 5 5.55 5530.0 1.4052

16.434 5 5.6 5438.0 1.4152

16.257 5 5.45 5557.0 1.4363

16.399 5 5.7 5339.0 1.4549

16.424 5 5.45 5613.0 1.5081

16.36 5 5.3 5637.0 1.6429

16.383 5 5.15 5730.0 1.7443

16.127 5 5.05 5843.0 1.7741

16.271 5 5.05 5915.0 1.8502

16.002 5 4.9 6114.0 1.9051

16.291 5 5.05 5839.0 1.9743

16.003 5 4.95 5901.0 1.9567

16.345 5 5.05 5840.0 2.0394

16.017 5 4.9 6038.0 2.0138

16.5 5 5.0 6000.0 2.0527

16.385 5 4.95 5964.0 2.0752

16.364 5 5.05 5845.0 2.1231

16.371 5 4.95 5932.0 2.1202

16.277 5 4.95 5975.0 2.2374

16.207 5 4.8 6107.0 2.446

16.324 5 4.65 6313.0 2.4799

16.457 5 4.9 6044.0 2.4835

16.361 5 4.6 6328.0 2.5413

16.45 5 4.9 6129.0 2.559

16.359 5 4.8 6153.0 2.8116

16.092 5 4.75 6146.0 2.8141

16.429 5 4.75 6194.0 3.0146

16.386 5 4.75 6130.0 3.1374

16.216 4 4.55 6145.0 3.2564

16.023 5 7.35 3293.0 0.087

16.029 5 7.2 3620.0 0.1465

16.172 5 7.3 3376.0 0.1527

16.418 5 7.25 3457.0 0.1848

16.424 5 7.25 3558.0 0.194

16.054 5 7.2 3574.0 0.1733

16.178 5 7.2 3625.0 0.1977

16.26 5 7.15 3635.0 0.1771

16.083 5 7.2 3519.0 0.2008

16.229 5 7.2 3562.0 0.226

16.055 5 7.15 3623.0 0.2402

16.18 5 7.15 3643.0 0.2292

16.243 5 7.1 3775.0 0.2474

16.316 5 7.15 3739.0 0.2798

16.032 5 7.15 3660.0 0.266

16.408 5 7.1 3714.0 0.2857

16.265 5 7.1 3788.0 0.3384

16.239 5 7.0 3932.0 0.3495

16.078 5 7.0 4000.0 0.3975

16.329 5 7.05 3898.0 0.4113

16.476 5 7.0 3939.0 0.427

16.48 5 7.05 3857.0 0.4917

16.215 5 7.0 3968.0 0.4764

16.084 5 7.0 3898.0 0.4735

16.413 5 7.0 4024.0 0.5099

16.013 5 6.6 4420.0 0.5801

16.073 5 6.7 4124.0 0.6155

16.067 5 6.6 4389.0 0.6129

16.478 5 6.6 4380.0 0.7415

16.484 5 6.6 4429.0 0.7086

16.364 5 6.7 4214.0 0.7769

16.326 5 6.5 4187.0 0.7762

16.392 5 6.55 4454.0 0.7631

16.319 5 6.5 4596.0 0.7892

16.032 5 6.3 4862.0 0.7796

16.177 5 6.5 4508.0 0.8149

16.353 5 6.45 4625.0 0.8032

16.418 5 6.35 4725.0 0.8462

16.072 5 6.35 4728.0 0.8822

16.028 5 6.25 5006.0 0.897

16.003 5 6.1 5133.0 0.8757

16.268 5 6.35 4719.0 0.9138

16.429 5 6.35 4657.0 0.9115

16.338 5 6.35 4717.0 0.9616

16.246 5 6.2 4937.0 0.9701

16.208 5 6.1 5053.0 1.0048

16.346 5 6.2 5015.0 1.0865

16.373 5 6.2 4964.0 1.1133

16.133 5 6.05 5055.0 1.1208

16.235 5 5.95 5168.0 1.1343

16.364 5 6.05 5156.0 1.1864

16.353 5 6.2 4986.0 1.2012

16.131 5 5.7 5356.0 1.207

16.15 5 5.75 5299.0 1.2261

16.126 5 5.55 5522.0 1.2991

16.471 5 5.95 5166.0 1.2766

16.251 5 5.7 5320.0 1.3063

16.406 5 5.75 5411.0 1.3496

16.022 5 5.45 5562.0 1.3744

16.071 5 6.0 5121.0 1.4038

16.216 5 5.45 5536.0 1.4292

16.063 5 5.3 5706.0 1.4384

16.213 5 5.55 5500.0 1.4556

16.385 5 5.6 5421.0 1.5935

16.42 5 5.45 5559.0 1.5578

16.225 5 5.3 5738.0 1.5735

16.114 5 4.85 6158.0 1.6121

16.406 5 5.3 5721.0 1.6192

16.047 5 5.15 5822.0 1.6352

16.217 5 5.25 5814.0 1.6993

16.002 5 5.15 5849.0 1.672

16.358 5 5.3 5746.0 1.6601

16.267 5 5.25 5699.0 1.7492

16.479 5 5.3 5713.0 1.7461

16.305 5 5.25 5672.0 1.781

16.228 5 5.8 5375.0 1.8252

16.385 5 5.15 5834.0 1.8184

16.257 5 5.15 5720.0 1.8964

16.481 5 5.3 5664.0 1.852

16.284 5 5.05 5897.0 1.8569

16.408 5 5.05 5936.0 1.9174

16.46 5 5.05 5913.0 2.0761

16.217 5 4.95 5955.0 2.1178

16.467 5 5.15 5764.0 2.1927

16.389 5 5.05 5923.0 2.1595

16.209 5 4.9 6042.0 2.1793

16.173 5 4.8 6185.0 2.1794

16.433 5 5.05 5948.0 2.2276

16.475 5 4.95 5981.0 2.2403

16.294 5 4.9 6059.0 2.2413

16.39 5 4.9 5965.0 2.2617

16.401 5 4.9 6101.0 2.306

16.408 5 4.9 6031.0 2.4361

16.388 5 4.8 6114.0 2.4766

16.382 5 4.8 6165.0 2.5089

16.127 5 4.8 6116.0 2.5809

16.121 5 4.75 6114.0 2.6323

16.357 5 4.8 6086.0 2.7668

16.485 5 4.9 5997.0 2.8614

16.378 5 4.8 6129.0 2.8845

16.15 5 4.75 6155.0 2.8959

16.203 4 4.6 6202.0 3.0623

16.16 4 4.55 6149.0 3.0582

16.364 4 4.55 6218.0 3.4392

16.106 4 4.6 6073.0 3.4143

16.059 4 4.55 6080.0 3.4543

16.261 4 4.55 6091.0 3.641

16.109 4 4.95 5731.0 3.9091

16.362 3 5.55 5000.0 7.1802
