Filters/cs_sdss.ecsv
# %ECSV 0.9

# ---

# datatype:

# - {name: Wavelength (A), datatype: int32}

# - {name: Transmittance, datatype: float64}

# schema: astropy-2.0

"Wavelength (A)" Transmittance

3000 2.6e-06

3005 2.8e-06

3010 2.51e-06

3015 0.0

3020 4.26e-07

3025 1.06e-06

3030 3.08e-06

3035 0.0

3040 0.0

3045 7.53e-07

3050 0.0

3055 7.82e-07

3060 1.49e-06

3065 1.54e-06

3070 5.28e-07

3075 0.0

3080 6.46e-07

3085 5.47e-09

3090 7.69e-07

3095 0.0

3100 8.17e-07

3105 5.7e-08

3110 2.24e-08

3115 8.47e-07

3120 3.68e-06

3125 1.85e-06

3130 5.49e-07

3135 1.05e-06

3140 0.0

3145 7.75e-07

3150 0.0

3155 0.0

3160 0.0

3165 2.23e-07

3170 9.13e-07

3175 0.0

3180 0.0

3185 0.0

3190 1e-06

3195 7.1e-07

3200 5.35e-07

3205 0.0

3210 0.0

3215 8.71e-07

3220 6.93e-07

3225 0.0

3230 0.0

3235 0.0

3240 0.0

3245 5.63e-08

3250 0.0

3255 0.0

3260 2.89e-07

3265 0.0

3270 0.0

3275 0.0

3280 1.23e-08

3285 1.3e-06

3290 0.0

3295 0.0

3300 0.0

3305 3.88e-07

3310 3.94e-07

3315 4.75e-09

3320 8.59e-07

3325 4.29e-07

3330 0.0

3335 3.15e-07

3340 5.32e-07

3345 6.03e-07

3350 5.31e-07

3355 0.0

3360 1.54e-06

3365 2.52e-07

3370 0.0

3375 3.96e-07

3380 6.75e-08

3385 0.0

3390 4.43e-07

3395 0.0

3400 0.0

3405 0.0

3410 0.0

3415 1.21e-06

3420 0.0

3425 7.09e-07

3430 0.0

3435 4.63e-07

3440 1.57e-07

3445 0.0

3450 0.0

3455 2.65e-07

3460 9.64e-08

3465 7.31e-07

3470 7.62e-07

3475 4.56e-07

3480 3.63e-08

3485 0.0

3490 6.88e-08

3495 3.76e-07

3500 5.44e-07

3505 4.17e-07

3510 1.45e-08

3515 0.0

3520 7.9e-08

3525 3.39e-07

3530 3.46e-07

3535 0.0

3540 1.32e-07

3545 0.0

3550 1.49e-07

3555 0.0

3560 0.0

3565 2.05e-08

3570 0.0

3575 4.44e-07

3580 1e-06

3585 0.0

3590 0.0

3595 0.0

3600 6.27e-08

3605 3.25e-07

3610 0.0

3615 0.0

3620 0.0

3625 0.0

3630 1.26e-07

3635 2.96e-07

3640 0.0

3645 4.18e-07

3650 0.0

3655 6.88e-08

3660 4.3e-08

3665 0.0

3670 1.62e-07

3675 1.51e-07

3680 0.0

3685 1.7e-07

3690 5.28e-07

3695 1.62e-07

3700 4.85e-07

3705 0.0

3710 3.91e-07

3715 4.19e-07

3720 0.0

3725 1.48e-07

3730 1.09e-07

3735 1.16e-07

3740 3.26e-07

3745 3.52e-08

3750 0.0

3755 0.0

3760 0.0

3765 4.97e-08

3770 0.0

3775 2.18e-08

3780 2.55e-07

3785 0.0

3790 8.91e-10

3795 4.72e-08

3800 3.94e-07

3805 0.0

3810 3.18e-08

3815 3.13e-07

3820 2.44e-08

3825 3.59e-07

3830 1.4e-07

3835 0.0

3840 2.78e-07

3845 2.07e-07

3850 2.52e-07

3855 2.51e-07

3860 1.44e-07

3865 1.25e-07

3870 3.2e-07

3875 1.03e-07

3880 0.0

3885 3.65e-07

3890 5.68e-08

3895 3.3e-07

3900 0.0

3905 0.0

3910 2.9e-07

3915 0.0

3920 0.0

3925 0.0

3930 4.1e-07

3935 3.31e-07

3940 0.0

3945 0.0

3950 2.06e-07

3955 2.22e-07

3960 1.23e-07

3965 1.15e-07

3970 2.64e-07

3975 3.12e-07

3980 2.24e-08

3985 0.0

3990 3.39e-07

3995 3.04e-07

4000 6.65e-07

4005 3.96e-07

4010 7.94e-07

4015 5.83e-07

4020 8.43e-07

4025 1.94e-06

4030 1.52e-06

4035 1.85e-06

4040 2.17e-06

4045 3.11e-06

4050 3.06e-06

4055 3.12e-06

4060 4.2e-06

4065 3.1e-06

4070 2.52e-06

4075 3.88e-06

4080 2.9e-06

4085 3.44e-06

4090 2.47e-06

4095 3.71e-06

4100 3.56e-06

4105 3.54e-06

4110 3.01e-06

4115 3.17e-06

4120 3.29e-06

4125 3.88e-06

4130 2.99e-06

4135 3.68e-06

4140 3.74e-06

4145 3.89e-06

4150 3.88e-06

4155 3.93e-06

4160 4.38e-06

4165 3.89e-06

4170 3.9e-06

4175 4.01e-06

4180 4.41e-06

4185 4.6e-06

4190 4.77e-06

4195 4.18e-06

4200 4.84e-06

4205 4.92e-06

4210 4.1e-06

4215 4.72e-06

4220 3.77e-06

4225 5.03e-06

4230 4.48e-06

4235 3.97e-06

4240 4.49e-06

4245 4.54e-06

4250 4.97e-06

4255 4.72e-06

4260 4.51e-06

4265 4.62e-06

4270 4.21e-06

4275 5.04e-06

4280 4.87e-06

4285 5.38e-06

4290 4.97e-06

4295 5.16e-06

4300 4.73e-06

4305 4.52e-06

4310 4.81e-06

4315 5.21e-06

4320 4.87e-06

4325 5.18e-06

4330 5.15e-06

4335 5.18e-06

4340 4.74e-06

4345 4.95e-06

4350 5.08e-06

4355 5.23e-06

4360 4.7e-06

4365 5.6e-06

4370 5.14e-06

4375 5.47e-06

4380 5.3e-06

4385 5.3e-06

4390 4.97e-06

4395 5.86e-06

4400 5.31e-06

4405 5.71e-06

4410 5.49e-06

4415 5.29e-06

4420 5.79e-06

4425 5.7e-06

4430 5.57e-06

4435 6e-06

4440 5.72e-06

4445 5.75e-06

4450 5.9e-06

4455 5.92e-06

4460 6.24e-06

4465 5.32e-06

4470 5.61e-06

4475 5.49e-06

4480 5.31e-06

4485 5.95e-06

4490 5.84e-06

4495 6.12e-06

4500 5.98e-06

4505 6.04e-06

4510 6.11e-06

4515 6.19e-06

4520 5.5e-06

4525 6.27e-06

4530 6.08e-06

4535 6.06e-06

4540 6.39e-06

4545 5.79e-06

4550 5.9e-06

4555 6.1e-06

4560 6.09e-06

4565 5.55e-06

4570 5.93e-06

4575 5.73e-06

4580 6.01e-06

4585 6.11e-06

4590 6.94e-06

4595 6.8e-06

4600 6.47e-06

4605 6.31e-06

4610 6.57e-06

4615 6e-06

4620 6.52e-06

4625 6.5e-06

4630 7.05e-06

4635 6.89e-06

4640 6.74e-06

4645 6.59e-06

4650 6.18e-06

4655 6.42e-06

4660 6.49e-06

4665 6.47e-06

4670 6.02e-06

4675 6.15e-06

4680 6.56e-06

4685 6.31e-06

4690 6.57e-06

4695 6.34e-06

4700 7.01e-06

4705 7.2e-06

4710 7.28e-06

4715 7e-06

4720 7.64e-06

4725 7.59e-06

4730 6.7e-06

4735 6.76e-06

4740 7.11e-06

4745 7.4e-06

4750 7.5e-06

4755 7.03e-06

4760 6.65e-06

4765 7.52e-06

4770 7.28e-06

4775 7.25e-06

4780 7.46e-06

4785 7.39e-06

4790 7.69e-06

4795 6.76e-06

4800 7.37e-06

4805 7.4e-06

4810 7.68e-06

4815 7.6e-06

4820 8.01e-06

4825 7.74e-06

4830 8.39e-06

4835 7.88e-06

4840 8.55e-06

4845 7.98e-06

4850 8.41e-06

4855 8.29e-06

4860 8.05e-06

4865 8.17e-06

4870 8.31e-06

4875 8.44e-06

4880 8.28e-06

4885 8.35e-06

4890 8.33e-06

4895 8.02e-06

4900 8.04e-06

4905 8.23e-06

4910 8.44e-06

4915 8.5e-06

4920 8.11e-06

4925 8.16e-06

4930 8.37e-06

4935 8.18e-06

4940 8.58e-06

4945 8.22e-06

4950 8.61e-06

4955 8.7e-06

4960 9.03e-06

4965 8.55e-06

4970 8.74e-06

4975 8.46e-06

4980 8.7e-06

4985 8.46e-06

4990 8.53e-06

4995 8.63e-06

5000 7.99e-06

5005 7.87e-06

5010 8.18e-06

5015 8.01e-06

5020 8.52e-06

5025 8.07e-06

5030 8.02e-06

5035 8.28e-06

5040 8.11e-06

5045 8.24e-06

5050 7.72e-06

5055 7.88e-06

5060 7.9e-06

5065 7.73e-06

5070 8.28e-06

5075 7.97e-06

5080 7.56e-06

5085 7.63e-06

5090 7.82e-06

5095 7.5e-06

5100 8.09e-06

5105 7.54e-06

5110 7.9e-06

5115 8.21e-06

5120 7.72e-06

5125 7.66e-06

5130 7.4e-06

5135 7.55e-06

5140 7.15e-06

5145 7.73e-06

5150 7.59e-06

5155 7.42e-06

5160 7.39e-06

5165 7.42e-06

5170 7.68e-06

5175 7.25e-06

5180 7.51e-06

5185 7.44e-06

5190 7.45e-06

5195 8.01e-06

5200 7.57e-06

5205 9.05e-06

5210 9.47e-06

5215 1.14e-05

5220 1.33e-05

5225 1.49e-05

5230 2.02e-05

5235 2.44e-05

5240 3.25e-05

5245 4.32e-05

5250 5.62e-05

5255 7.5e-05

5260 0.0001

5265 0.000138

5270 0.000183

5275 0.000243

5280 0.000329

5285 0.000446

5290 0.000597

5295 0.000787

5300 0.00104

5305 0.00137

5310 0.00178

5315 0.00229

5320 0.00296

5325 0.00378

5330 0.00478

5335 0.00604

5340 0.00758

5345 0.00944

5350 0.0117

5355 0.0144

5360 0.0178

5365 0.0216

5370 0.0262

5375 0.0316

5380 0.0377

5385 0.0447

5390 0.0528

5395 0.0618

5400 0.0716

5405 0.0828

5410 0.0945

5415 0.108

5420 0.122

5425 0.136

5430 0.152

5435 0.169

5440 0.186

5445 0.204

5450 0.223

5455 0.242

5460 0.262

5465 0.282

5470 0.304

5475 0.324

5480 0.347

5485 0.368

5490 0.391

5495 0.413

5500 0.435

5505 0.457

5510 0.478

5515 0.5

5520 0.521

5525 0.541

5530 0.561

5535 0.58

5540 0.601

5545 0.619

5550 0.638

5555 0.654

5560 0.67

5565 0.687

5570 0.701

5575 0.715

5580 0.728

5585 0.738

5590 0.749

5595 0.757

5600 0.764

5605 0.773

5610 0.78

5615 0.787

5620 0.795

5625 0.801

5630 0.81

5635 0.815

5640 0.821

5645 0.826

5650 0.833

5655 0.837

5660 0.838

5665 0.843

5670 0.848

5675 0.854

5680 0.856

5685 0.861

5690 0.868

5695 0.875

5700 0.879

5705 0.886

5710 0.892

5715 0.897

5720 0.9

5725 0.905

5730 0.91

5735 0.913

5740 0.913

5745 0.917

5750 0.918

5755 0.916

5760 0.916

5765 0.915

5770 0.915

5775 0.916

5780 0.913

5785 0.915

5790 0.913

5795 0.912

5800 0.909

5805 0.906

5810 0.906

5815 0.904

5820 0.901

5825 0.901

5830 0.9

5835 0.9

5840 0.902

5845 0.9

5850 0.902

5855 0.904

5860 0.909

5865 0.912

5870 0.914

5875 0.918

5880 0.924

5885 0.927

5890 0.93

5895 0.934

5900 0.938

5905 0.94

5910 0.942

5915 0.945

5920 0.945

5925 0.944

5930 0.946

5935 0.944

5940 0.945

5945 0.943

5950 0.944

5955 0.942

5960 0.941

5965 0.94

5970 0.937

5975 0.937

5980 0.934

5985 0.932

5990 0.931

5995 0.928

6000 0.926

6005 0.923

6010 0.922

6015 0.92

6020 0.917

6025 0.918

6030 0.918

6035 0.918

6040 0.919

6045 0.92

6050 0.924

6055 0.926

6060 0.928

6065 0.934

6070 0.936

6075 0.939

6080 0.942

6085 0.946

6090 0.946

6095 0.948

6100 0.951

6105 0.951

6110 0.952

6115 0.951

6120 0.951

6125 0.953

6130 0.952

6135 0.952

6140 0.953

6145 0.952

6150 0.951

6155 0.95

6160 0.951

6165 0.949

6170 0.948

6175 0.946

6180 0.946

6185 0.943

6190 0.941

6195 0.941

6200 0.939

6205 0.938

6210 0.937

6215 0.938

6220 0.936

6225 0.938

6230 0.939

6235 0.94

6240 0.942

6245 0.943

6250 0.943

6255 0.947

6260 0.946

6265 0.947

6270 0.95

6275 0.949

6280 0.95

6285 0.95

6290 0.951

6295 0.952

6300 0.951

6305 0.949

6310 0.949

6315 0.949

6320 0.946

6325 0.947

6330 0.945

6335 0.945

6340 0.942

6345 0.939

6350 0.937

6355 0.937

6360 0.936

6365 0.934

6370 0.934

6375 0.934

6380 0.934

6385 0.934

6390 0.936

6395 0.937

6400 0.938

6405 0.94

6410 0.939

6415 0.943

6420 0.943

6425 0.946

6430 0.945

6435 0.945

6440 0.946

6445 0.945

6450 0.945

6455 0.945

6460 0.946

6465 0.946

6470 0.946

6475 0.946

6480 0.946

6485 0.945

6490 0.943

6495 0.94

6500 0.938

6505 0.932

6510 0.929

6515 0.924

6520 0.917

6525 0.911

6530 0.905

6535 0.9

6540 0.895

6545 0.89

6550 0.889

6555 0.886

6560 0.886

6565 0.888

6570 0.889

6575 0.891

6580 0.893

6585 0.895

6590 0.899

6595 0.898

6600 0.899

6605 0.897

6610 0.896

6615 0.895

6620 0.893

6625 0.891

6630 0.89

6635 0.887

6640 0.888

6645 0.887

6650 0.888

6655 0.892

6660 0.895

6665 0.899

6670 0.902

6675 0.905

6680 0.903

6685 0.903

6690 0.898

6695 0.89

6700 0.88

6705 0.867

6710 0.853

6715 0.836

6720 0.825

6725 0.81

6730 0.797

6735 0.786

6740 0.778

6745 0.774

6750 0.769

6755 0.769

6760 0.769

6765 0.771

6770 0.776

6775 0.779

6780 0.781

6785 0.784

6790 0.787

6795 0.787

6800 0.788

6805 0.79

6810 0.788

6815 0.787

6820 0.79

6825 0.792

6830 0.796

6835 0.804

6840 0.81

6845 0.817

6850 0.82

6855 0.821

6860 0.817

6865 0.807

6870 0.793

6875 0.771

6880 0.747

6885 0.718

6890 0.69

6895 0.664

6900 0.643

6905 0.628

6910 0.617

6915 0.615

6920 0.621

6925 0.634

6930 0.652

6935 0.673

6940 0.691

6945 0.696

6950 0.68

6955 0.635

6960 0.568

6965 0.482

6970 0.394

6975 0.31

6980 0.237

6985 0.18

6990 0.137

6995 0.103

7000 0.0768

7005 0.058

7010 0.0436

7015 0.0329

7020 0.025

7025 0.0189

7030 0.0145

7035 0.0111

7040 0.00854

7045 0.00659

7050 0.00515

7055 0.00406

7060 0.00321

7065 0.00258

7070 0.00208

7075 0.00169

7080 0.00139

7085 0.00116

7090 0.000959

7095 0.000818

7100 0.000692

7105 0.000595

7110 0.000511

7115 0.000448

7120 0.000388

7125 0.000341

7130 0.000303

7135 0.000266

7140 0.000236

7145 0.000211

7150 0.000191

7155 0.000173

7160 0.00015

7165 0.000134

7170 0.000119

7175 0.000108

7180 9.19e-05

7185 8.24e-05

7190 7.23e-05

7195 6.24e-05

7200 5.56e-05

7205 5.07e-05

7210 4.23e-05

7215 3.8e-05

7220 3.38e-05

7225 2.84e-05

7230 2.47e-05

7235 2.48e-05

7240 1.94e-05

7245 1.69e-05

7250 1.64e-05

7255 1.27e-05

7260 1.19e-05

7265 1.09e-05

7270 1.08e-05

7275 1.07e-05

7280 8.24e-06

7285 9.27e-06

7290 6.83e-06

7295 7.33e-06

7300 7.22e-06

7305 5.76e-06

7310 7e-06

7315 6.38e-06

7320 5.16e-06

7325 5.3e-06

7330 4.88e-06

7335 4.39e-06

7340 4.43e-06

7345 4.67e-06

7350 5.45e-06

7355 3.7e-06

7360 4.81e-06

7365 4.25e-06

7370 3.95e-06

7375 3.93e-06

7380 3.06e-06

7385 2.72e-06

7390 3.28e-06

7395 2.58e-06

7400 3.27e-06

7405 3.24e-06

7410 2.93e-06

7415 2.45e-06

7420 1.04e-06

7425 1.98e-06

7430 2.04e-06

7435 1.86e-06

7440 1.54e-06

7445 2e-06

7450 1.96e-06

7455 2.14e-06

7460 9.43e-07

7465 1.1e-06

7470 5.74e-07

7475 1.17e-06

7480 6.86e-07

7485 9.65e-07

7490 2.31e-07

7495 6.72e-07

7500 1.38e-06

7505 1.23e-06

7510 1.52e-06

7515 1.02e-06

7520 1.07e-06

7525 7.78e-07

7530 2.04e-07

7535 6.02e-07

7540 1.13e-06

7545 1.29e-06

7550 2.11e-06

7555 6.93e-07

7560 1.06e-06

7565 4.94e-07

7570 1.24e-06

7575 2.06e-06

7580 7.48e-07

7585 2.11e-06

7590 8.21e-07

7595 2.23e-06

7600 1.96e-06

7605 8.46e-07

7610 2.9e-07

7615 7.02e-07

7620 7.98e-07

7625 0.0

7630 4.71e-07

7635 1.15e-06

7640 1.4e-06

7645 0.0

7650 6.59e-07

7655 0.0

7660 4.92e-07

7665 5.68e-07

7670 4.8e-07

7675 1.43e-06

7680 0.0

7685 2.35e-07

7690 0.0

7695 3.73e-07

7700 1.32e-06

7705 1.15e-06

7710 1.1e-06

7715 1.73e-06

7720 6.59e-07

7725 2.85e-07

7730 1.43e-06

7735 6.79e-07

7740 4.07e-07

7745 1.03e-06

7750 1.02e-06

7755 1.6e-06

7760 3.78e-07

7765 3.75e-07

7770 1.03e-06

7775 7.65e-07

7780 6.63e-07

7785 0.0

7790 1.78e-06

7795 5.51e-07

7800 1.31e-06

7805 3.2e-07

7810 1.09e-06

7815 1.2e-06

7820 1.3e-06

7825 5.9e-07

7830 1.03e-06

7835 3.79e-07

7840 2.09e-06

7845 5.48e-07

7850 9.31e-08

7855 0.0

7860 1.21e-06

7865 1.91e-06

7870 0.0

7875 0.0

7880 1.93e-06

7885 0.0

7890 1.77e-06

7895 1.48e-07

7900 0.0

7905 1.66e-07

7910 1.29e-06

7915 1.16e-06

7920 7.28e-07

7925 0.0

7930 1.08e-06

7935 0.0

7940 0.0

7945 0.0

7950 1.19e-06

7955 0.0

7960 0.0

7965 8.06e-07

7970 0.0

7975 9.91e-07

7980 0.0

7985 0.0

7990 1.9e-06

7995 3.7e-07

8000 3.92e-07

8005 4.56e-07

8010 5.2e-07

8015 2.96e-07

8020 7.11e-08

8025 3.93e-07

8030 7.15e-07

8035 6.67e-07

8040 6.19e-07

8045 5.46e-07

8050 4.73e-07

8055 4.46e-07

8060 4.19e-07

8065 5.84e-07

8070 7.49e-07

8075 7.42e-07

8080 7.35e-07

8085 4.95e-07

8090 2.55e-07

8095 2.25e-07

8100 1.96e-07

8105 2.89e-07

8110 3.82e-07

8115 4.36e-07

8120 4.9e-07

8125 3.79e-07

8130 2.68e-07

8135 3e-07

8140 3.31e-07

8145 2.42e-07

8150 1.53e-07

8155 7.89e-08

8160 4.4e-09

8165 1.5e-11

8170 0.0

8175 1.71e-07

8180 3.46e-07

8185 3e-07

8190 2.54e-07

8195 1.76e-07

8200 9.74e-08

8205 1.5e-07

8210 2.02e-07

8215 1.94e-07

8220 1.86e-07

8225 1.94e-07

8230 2.03e-07

8235 8.1e-08

8240 0.0

8245 5.95e-08

8250 1.59e-07

8255 3.85e-07

8260 6.1e-07

8265 3.82e-07

8270 1.54e-07

8275 1.9e-07

8280 2.26e-07

8285 3.44e-07

8290 4.62e-07

8295 4.29e-07

8300 3.96e-07

8305 3.29e-07

8310 2.63e-07

8315 3.04e-07

8320 3.45e-07

8325 4.71e-07

8330 5.98e-07

8335 6.25e-07

8340 6.52e-07

8345 4.6e-07

8350 2.67e-07

8355 3.39e-07

8360 4.1e-07

8365 4.41e-07

8370 4.72e-07

8375 3.36e-07

8380 2.01e-07

8385 7.75e-08

8390 0.0

8395 0.0

8400 0.0

8405 6.05e-08

8410 2.08e-07

8415 4.45e-08

8420 0.0

8425 0.0

8430 5.75e-08

8435 1.65e-07

8440 2.73e-07

8445 2.57e-07

8450 2.41e-07

8455 3.17e-07

8460 3.93e-07

8465 3.39e-07

8470 2.85e-07

8475 3.2e-07

8480 3.55e-07

8485 3.4e-07

8490 3.26e-07

8495 3.11e-07

8500 2.95e-07

8505 3.65e-07

8510 4.35e-07

8515 4.19e-07

8520 4.03e-07

8525 5.17e-07

8530 6.31e-07

8535 5.63e-07

8540 4.95e-07

8545 3.3e-07

8550 1.66e-07

8555 3.57e-07

8560 5.48e-07

8565 4.68e-07

8570 3.88e-07

8575 3.47e-07

8580 3.05e-07

8585 3.39e-07

8590 3.73e-07

8595 3.04e-07

8600 2.34e-07

8605 3.55e-07

8610 4.76e-07

8615 3.03e-07

8620 1.29e-07

8625 2.17e-07

8630 3.06e-07

8635 2.53e-07

8640 2e-07

8645 2.57e-07

8650 3.14e-07

8655 2.07e-07

8660 1e-07

8665 1.55e-07

8670 2.09e-07

8675 2.52e-07

8680 2.96e-07

8685 3.87e-07

8690 4.79e-07

8695 4.39e-07

8700 4e-07

8705 4.63e-07

8710 5.25e-07

8715 4.65e-07

8720 4.05e-07

8725 5.12e-07

8730 6.2e-07

8735 6.96e-07

8740 7.71e-07

8745 6.73e-07

8750 5.75e-07

8755 6.54e-07

8760 7.34e-07

8765 8.48e-07

8770 9.62e-07

8775 8.92e-07

8780 8.23e-07

8785 9.02e-07

8790 9.82e-07

8795 9.5e-07

8800 9.18e-07

8805 8.69e-07

8810 8.21e-07

8815 8.07e-07

8820 7.93e-07

8825 8.15e-07

8830 8.37e-07
