Filters/cs_sdss.ecsv
# %ECSV 0.9

[from data line 2347]

8840 7.95e-07

8845 7.67e-07

8850 7.39e-07

8855 7.59e-07

8860 7.79e-07

8865 7.18e-07

8870 6.58e-07

8875 6.54e-07

8880 6.5e-07

8885 7.07e-07

8890 7.63e-07

8895 8.84e-07

8900 1.01e-06

8905 1.11e-06

8910 1.21e-06

8915 1.43e-06

8920 1.66e-06

8925 1.91e-06

8930 2.16e-06

8935 2.46e-06

8940 2.77e-06

8945 3.11e-06

8950 3.44e-06

8955 3.71e-06

8960 3.97e-06

8965 4.19e-06

8970 4.41e-06

8975 4.71e-06

8980 5.01e-06

8985 5.25e-06

8990 5.5e-06

8995 5.64e-06

9000 5.79e-06

9005 5.92e-06

9010 6.04e-06

9015 5.9e-06

9020 5.75e-06

9025 5.53e-06

9030 5.31e-06

9035 5.01e-06

9040 4.72e-06

9045 4.45e-06

9050 4.18e-06

9055 3.87e-06

9060 3.55e-06

9065 3.26e-06

9070 2.98e-06

9075 2.74e-06

9080 2.51e-06

9085 2.36e-06

9090 2.2e-06

9095 2.13e-06

9100 2.06e-06

9105 2.24e-06

9110 2.42e-06

9115 2.63e-06

9120 2.84e-06

9125 3.13e-06

9130 3.43e-06

9135 3.73e-06

9140 4.03e-06

9145 4.31e-06

9150 4.59e-06

9155 4.92e-06

9160 5.24e-06

9165 5.44e-06

9170 5.63e-06

9175 5.76e-06

9180 5.89e-06

9185 5.8e-06

9190 5.72e-06

9195 5.48e-06

9200 5.24e-06

9205 4.89e-06

9210 4.55e-06

9215 4.15e-06

9220 3.74e-06

9225 3.33e-06

9230 2.93e-06

9235 2.5e-06

9240 2.07e-06

9245 1.75e-06

9250 1.44e-06

9255 1.25e-06

9260 1.06e-06

9265 9.3e-07

9270 7.97e-07

9275 7.68e-07

9280 7.39e-07

9285 6.77e-07

9290 6.14e-07

9295 5.97e-07

9300 5.8e-07

9305 5.82e-07

9310 5.84e-07

9315 5.84e-07

9320 5.84e-07

9325 6.75e-07

9330 7.66e-07

9335 8.33e-07

9340 9e-07

9345 1.12e-06

9350 1.34e-06

9355 1.84e-06

9360 2.34e-06

9365 2.89e-06

9370 3.45e-06

9375 3.96e-06

9380 4.47e-06

9385 4.93e-06

9390 5.39e-06

9395 5.81e-06

9400 6.23e-06

9405 6.32e-06

9410 6.41e-06

9415 6.09e-06

9420 5.77e-06

9425 5.21e-06

9430 4.66e-06

9435 4.13e-06

9440 3.6e-06

9445 2.96e-06

9450 2.31e-06

9455 1.81e-06

9460 1.32e-06

9465 9.98e-07

9470 6.79e-07

9475 5.21e-07

9480 3.63e-07

9485 3.16e-07

9490 2.69e-07

9495 1.89e-07

9500 1.08e-07

9505 9.53e-08

9510 8.24e-08

9515 1.38e-07

9520 1.94e-07

9525 9.77e-08

9530 1.34e-09

9535 4.2e-08

9540 8.26e-08

9545 4.21e-08

9550 1.52e-09

9555 3.11e-08

9560 6.06e-08

9565 6.08e-08

9570 6.1e-08

9575 5.75e-08

9580 5.39e-08

9585 4.92e-08

9590 4.45e-08

9595 8.49e-08

9600 1.25e-07

9605 6.48e-08

9610 4.31e-09

9615 2.08e-08

9620 3.73e-08

9625 6.35e-08

9630 8.98e-08

9635 1.69e-07

9640 2.48e-07

9645 2.11e-07

9650 1.74e-07

9655 2.32e-07

9660 2.91e-07

9665 3.1e-07

9670 3.29e-07

9675 3.47e-07

9680 3.65e-07

9685 2.69e-07

9690 1.74e-07

9695 1.91e-07

9700 2.08e-07

9705 1.91e-07

9710 1.73e-07

9715 1.55e-07

9720 1.36e-07

9725 1.23e-07

9730 1.1e-07

9735 4.61e-08

9740 0.0

9745 0.0

9750 0.0

9755 0.0

9760 0.0

9765 0.0

9770 0.0

9775 0.0

9780 0.0

9785 0.0

9790 8.41e-09

9795 0.0

9800 0.0

9805 0.0

9810 0.0

9815 0.0

9820 0.0

9825 0.0

9830 0.0

9835 0.0

9840 0.0

9845 0.0

9850 0.0

9855 0.0

9860 0.0

9865 0.0

9870 0.0

9875 0.0

9880 0.0

9885 0.0

9890 0.0

9895 0.0

9900 0.0

9905 0.0

9910 0.0

9915 0.0

9920 0.0

9925 0.0

9930 0.0

9935 0.0

9940 0.0

9945 0.0

9950 0.0

9955 0.0

9960 0.0

9965 0.0

9970 0.0

9975 0.0

9980 0.0

9985 0.0

9990 0.0

9995 0.0

10000 0.0

10005 0.0

10010 0.0

10015 0.0

10020 0.0

10025 0.0

10030 0.0

10035 0.0

10040 0.0

10045 0.0

10050 0.0

10055 0.0

10060 0.0

10065 0.0

10070 0.0

10075 0.0

10080 0.0

10085 0.0

10090 0.0

10095 0.0

10100 0.0

10105 0.0

10110 0.0

10115 0.0

10120 0.0

10125 0.0

10130 0.0

10135 0.0

10140 0.0

10145 0.0

10150 0.0

10155 0.0

10160 0.0

10165 0.0

10170 0.0

10175 0.0

10180 0.0

10185 0.0

10190 0.0

10195 0.0

10200 0.0

10205 0.0

10210 0.0

10215 0.0

10220 0.0

10225 0.0

10230 0.0

10235 0.0

10240 0.0

10245 0.0

10250 0.0

10255 0.0

10260 0.0

10265 0.0

10270 0.0

10275 0.0

10280 0.0

10285 0.0

10290 0.0

10295 0.0

10300 0.0

10305 0.0

10310 0.0

10315 0.0

10320 0.0

10325 0.0

10330 0.0

10335 0.0

10340 0.0

10345 0.0

10350 0.0

10355 0.0

10360 0.0

10365 0.0

10370 0.0

10375 0.0

10380 0.0

10385 0.0

10390 0.0

10395 0.0

10400 0.0

10405 0.0

10410 0.0

10415 0.0

10420 0.0

10425 0.0

10430 0.0

10435 0.0

10440 0.0

10445 0.0

10450 0.0

10455 0.0

10460 0.0

10465 0.0

10470 0.0

10475 0.0

10480 0.0

10485 0.0

10490 0.0

10495 0.0

10500 0.0

10505 0.0

10510 0.0

10515 0.0

10520 0.0

10525 0.0

10530 0.0

10535 0.0

10540 0.0

10545 0.0

10550 0.0

10555 0.0

10560 0.0

10565 0.0

10570 0.0

10575 0.0

10580 0.0

10585 0.0

10590 0.0

10595 0.0

10600 0.0

10605 0.0

10610 0.0

10615 0.0

10620 0.0

10625 0.0

10630 0.0

10635 0.0

10640 0.0

10645 0.0

10650 0.0

10655 0.0

10660 0.0

10665 0.0

10670 0.0

10675 0.0

10680 0.0

10685 0.0

10690 0.0

10695 0.0

10700 0.0

10705 0.0

10710 0.0

10715 0.0

10720 0.0

10725 0.0

10730 0.0

10735 0.0

10740 0.0

10745 0.0

10750 0.0

10755 0.0

10760 0.0

10765 0.0

10770 0.0

10775 0.0

10780 0.0

10785 0.0

10790 0.0

10795 0.0

10800 0.0

10805 0.0

10810 0.0

10815 0.0

10820 0.0

10825 0.0

10830 0.0

10835 0.0

10840 0.0

10845 0.0

10850 0.0

10855 0.0

10860 0.0

10865 0.0

10870 0.0

10875 0.0

10880 0.0

10885 0.0

10890 0.0

10895 0.0

10900 0.0

10905 0.0

10910 0.0

10915 0.0

10920 0.0

10925 0.0

10930 0.0

10935 0.0

10940 0.0

10945 0.0

10950 0.0

10955 0.0

10960 0.0

10965 0.0

10970 0.0

10975 0.0

10980 0.0

10985 0.0

10990 0.0

10995 0.0

11000 0.0

11005 0.0

11010 0.0

11015 0.0

11020 0.0

11025 0.0

11030 0.0

11035 0.0

11040 0.0

11045 0.0

11050 0.0

11055 0.0

11060 2.2e-08

11065 0.0

11070 0.0

11075 0.0

11080 0.0

11085 0.0

11090 0.0

11095 4.58e-08

11100 1.08e-07

11105 6.33e-08

11110 1.87e-08

11115 3.69e-08

11120 5.51e-08

11125 0.0

11130 0.0

11135 0.0

11140 0.0

11145 0.0

11150 2.05e-08

11155 2.94e-08

11160 3.84e-08

11165 1.31e-08

11170 0.0

11175 0.0

11180 4e-09

11185 0.0

11190 0.0

11195 0.0

11200 0.0

11205 0.0

11210 0.0

11215 0.0

11220 0.0

11225 0.0

11230 0.0

11235 0.0

11240 0.0

11245 0.0

11250 0.0

11255 0.0

11260 0.0

11265 0.0

11270 0.0

11275 0.0

11280 0.0

11285 0.0

11290 0.0

11295 0.0

11300 0.0

11305 0.0

11310 0.0

11315 0.0

11320 0.0

11325 0.0

11330 0.0

11335 0.0

11340 0.0

11345 0.0

11350 2.04e-08

11355 0.0

11360 0.0

11365 0.0

11370 0.0

11375 3.97e-09

11380 3.97e-08

11385 2.46e-08

11390 9.55e-09

11395 1.29e-08

11400 1.62e-08

11405 1.39e-09

11410 0.0

11415 2.9e-08

11420 7.13e-08

11425 1.18e-07

11430 1.64e-07

11435 1.18e-07

11440 7.12e-08

11445 9.01e-08

11450 1.09e-07

11455 7.48e-08

11460 4.05e-08

11465 1.27e-07

11470 2.14e-07

11475 2.34e-07

11480 2.53e-07

11485 2.82e-07

11490 3.1e-07

11495 4.1e-07

11500 5.11e-07

11505 5e-07

11510 4.89e-07

11515 5.43e-07

11520 5.96e-07

11525 6.58e-07

11530 7.2e-07

11535 7.62e-07

11540 8.04e-07

11545 8.73e-07

11550 9.43e-07

11555 1.04e-06

11560 1.14e-06

11565 1.26e-06

11570 1.39e-06

11575 1.48e-06

11580 1.58e-06

11585 1.76e-06

11590 1.95e-06

11595 2.12e-06

11600 2.3e-06

11605 2.54e-06

11610 2.77e-06

11615 2.98e-06

11620 3.18e-06

11625 3.48e-06

11630 3.79e-06

11635 4.16e-06

11640 4.54e-06

11645 4.87e-06

11650 5.21e-06

11655 5.69e-06

11660 6.17e-06

11665 6.65e-06

11670 7.13e-06

11675 7.6e-06

11680 8.07e-06

11685 8.65e-06

11690 9.22e-06

11695 9.73e-06

11700 1.02e-05

11705 1.08e-05

11710 1.13e-05

11715 1.18e-05

11720 1.24e-05

11725 1.29e-05

11730 1.34e-05

11735 1.38e-05

11740 1.43e-05

11745 1.47e-05

11750 1.52e-05

11755 1.56e-05

11760 1.61e-05

11765 1.64e-05

11770 1.68e-05

11775 1.72e-05

11780 1.76e-05

11785 1.79e-05

11790 1.81e-05

11795 1.85e-05

11800 1.89e-05

11805 1.93e-05

11810 1.96e-05

11815 2.01e-05

11820 2.05e-05

11825 2.1e-05

11830 2.15e-05

11835 2.21e-05

11840 2.26e-05

11845 2.32e-05

11850 2.38e-05

11855 2.46e-05

11860 2.53e-05

11865 2.61e-05

11870 2.68e-05

11875 2.78e-05

11880 2.89e-05

11885 3e-05

11890 3.1e-05

11895 3.22e-05

11900 3.34e-05

11905 3.49e-05

11910 3.64e-05

11915 3.81e-05

11920 3.98e-05

11925 4.17e-05

11930 4.37e-05

11935 4.6e-05

11940 4.83e-05

11945 5.11e-05

11950 5.38e-05

11955 5.7e-05

11960 6.01e-05

11965 6.39e-05

11970 6.76e-05

11975 7.22e-05

11980 7.68e-05

11985 8.21e-05

11990 8.75e-05

11995 9.37e-05

12000 0.0001
