Filters/sdss-r.ecsv
# %ECSV 0.9

[from data line 1747]

7340.0 0.000457233

7345.0 0.000441758

7350.0 0.000426083

7355.0 0.000409711

7360.0 0.000395015

7365.0 0.000382734

7370.0 0.000368861

7375.0 0.000356644

7380.0 0.000345129

7385.0 0.000332787

7390.0 0.000322363

7395.0 0.000313049

7400.0 0.000301739

7405.0 0.000293113

7410.0 0.000282621

7415.0 0.000273859

7420.0 0.000265211

7425.0 0.000258262

7430.0 0.000249235

7435.0 0.000243534

7440.0 0.000235296

7445.0 0.000229082

7450.0 0.000221823

7455.0 0.000215891

7460.0 0.00020951

7465.0 0.000202767

7470.0 0.000199369

7475.0 0.000191956

7480.0 0.000186677

7485.0 0.000183593

7490.0 0.000177786

7495.0 0.000173287

7500.0 0.000170186

7505.0 0.00016561

7510.0 0.000161048

7515.0 0.000156455

7520.0 0.000152556

7525.0 0.000149313

7530.0 0.000144188

7535.0 0.000142165

7540.0 0.000138499

7545.0 0.000135971

7550.0 0.00013161

7555.0 0.000128915

7560.0 0.000126513

7565.0 0.000123265

7570.0 0.000122957

7575.0 0.000116593

7580.0 0.000117233

7585.0 0.000113304

7590.0 0.000112516

7595.0 0.000108431

7600.0 0.000107187

7605.0 0.000104145

7610.0 0.000102217

7615.0 0.000100499

7620.0 9.95e-05

7625.0 9.66e-05

7630.0 9.42e-05

7635.0 9.48e-05

7640.0 9.2e-05

7645.0 9.01e-05

7650.0 8.91e-05

7655.0 8.66e-05

7660.0 8.65e-05

7665.0 8.43e-05

7670.0 8.21e-05

7675.0 8.13e-05

7680.0 8.01e-05

7685.0 7.94e-05

7690.0 7.81e-05

7695.0 7.65e-05

7700.0 7.63e-05

7705.0 7.55e-05

7710.0 7.23e-05

7715.0 7.29e-05

7720.0 7.09e-05

7725.0 7.08e-05

7730.0 6.86e-05

7735.0 6.87e-05

7740.0 6.73e-05

7745.0 6.73e-05

7750.0 6.55e-05

7755.0 6.47e-05

7760.0 6.51e-05

7765.0 6.38e-05

7770.0 6.18e-05

7775.0 6.16e-05

7780.0 6.15e-05

7785.0 5.91e-05

7790.0 6.12e-05

7795.0 5.91e-05

7800.0 5.82e-05

7805.0 5.9e-05

7810.0 5.65e-05

7815.0 5.74e-05

7820.0 5.57e-05

7825.0 5.58e-05

7830.0 5.52e-05

7835.0 5.53e-05

7840.0 5.3e-05

7845.0 5.27e-05

7850.0 5.35e-05

7855.0 5.34e-05

7860.0 5.21e-05

7865.0 5.1e-05

7870.0 5.2e-05

7875.0 5.19e-05

7880.0 5.17e-05

7885.0 5e-05

7890.0 4.97e-05

7895.0 4.87e-05

7900.0 4.91e-05

7905.0 4.77e-05

7910.0 4.84e-05

7915.0 4.96e-05

7920.0 4.73e-05

7925.0 4.78e-05

7930.0 4.88e-05

7935.0 4.74e-05

7940.0 4.72e-05

7945.0 4.59e-05

7950.0 4.68e-05

7955.0 4.58e-05

7960.0 4.61e-05

7965.0 4.52e-05

7970.0 4.66e-05

7975.0 4.53e-05

7980.0 4.42e-05

7985.0 4.5e-05

7990.0 4.53e-05

7995.0 4.31e-05

8000.0 4.33e-05

8005.0 4.47e-05

8010.0 4.44e-05

8015.0 4.37e-05

8020.0 4.34e-05

8025.0 4.38e-05

8030.0 4.33e-05

8035.0 4.32e-05

8040.0 4.38e-05

8045.0 4.29e-05

8050.0 4.28e-05

8055.0 4.38e-05

8060.0 4.27e-05

8065.0 4.35e-05

8070.0 4.37e-05

8075.0 4.25e-05

8080.0 4.34e-05

8085.0 4.29e-05

8090.0 4.28e-05

8095.0 4.23e-05

8100.0 4.28e-05

8105.0 4.15e-05

8110.0 4.21e-05

8115.0 4.23e-05

8120.0 4.22e-05

8125.0 4.21e-05

8130.0 4.23e-05

8135.0 4.22e-05

8140.0 4.26e-05

8145.0 4.26e-05

8150.0 4.35e-05

8155.0 4.48e-05

8160.0 4.42e-05

8165.0 4.22e-05

8170.0 4.31e-05

8175.0 4.376e-05

8180.0 4.43e-05

8185.0 4.25e-05

8190.0 4.33e-05

8195.0 4.44e-05

8200.0 4.4362e-05

8205.0 4.52e-05

8210.0 4.67e-05

8215.0 4.46e-05

8220.0 4.57e-05

8225.0 4.53e-05

8230.0 4.52e-05

8235.0 4.58e-05

8240.0 4.59e-05

8245.0 4.63e-05

8250.0 4.51e-05

8255.0 4.67e-05

8260.0 4.53e-05

8265.0 4.51e-05

8270.0 4.83e-05

8275.0 4.85e-05

8280.0 4.77e-05

8285.0 4.75e-05

8290.0 4.8e-05

8295.0 4.92e-05

8300.0 5.16e-05

8305.0 4.91e-05

8310.0 4.87e-05

8315.0 4.8e-05

8320.0 4.95e-05

8325.0 5.13e-05

8330.0 5.01e-05

8335.0 5.08e-05

8340.0 5.16e-05

8345.0 5.27e-05

8350.0 5.14e-05

8355.0 5.35e-05

8360.0 5.29e-05

8365.0 5.35e-05

8370.0 5.46e-05

8375.0 5.46e-05

8380.0 5.55e-05

8385.0 5.65e-05

8390.0 5.52e-05

8395.0 5.76e-05

8400.0 5.73e-05

8405.0 5.64e-05

8410.0 5.96e-05

8415.0 5.77e-05

8420.0 5.99e-05

8425.0 6.09e-05

8430.0 6.02e-05

8435.0 6.13e-05

8440.0 6.09e-05

8445.0 6.19e-05

8450.0 6.33e-05

8455.0 6.49e-05

8460.0 6.35e-05

8465.0 6.44e-05

8470.0 6.48e-05

8475.0 6.65e-05

8480.0 6.72e-05

8485.0 6.78e-05

8490.0 6.78e-05

8495.0 6.42e-05

8500.0 9.96e-05

8505.0 0.000100023

8510.0 9.9e-05

8515.0 0.000106137

8520.0 0.000104097

8525.0 0.000101477

8530.0 0.000105028

8535.0 0.000106857

8540.0 0.000105818

8545.0 0.000110614

8550.0 0.000109941

8555.0 0.000109731

8560.0 0.000116934

8565.0 0.000118254

8570.0 0.000113443

8575.0 0.000117241

8580.0 0.000115962

8585.0 0.000117257

8590.0 0.000118976

8595.0 0.000117918

8600.0 0.000119422

8605.0 0.000126112

8610.0 0.000120208

8615.0 0.000133025

8620.0 0.000130719

8625.0 0.000131145

8630.0 0.000137579

8635.0 0.000130791

8640.0 0.000134288

8645.0 0.000130089

8650.0 0.000132557

8655.0 0.000134471

8660.0 0.00014147

8665.0 0.000138787

8670.0 0.000141601

8675.0 0.000144221

8680.0 0.000142846

8685.0 0.000147454

8690.0 0.000149938

8695.0 0.000145776

8700.0 0.000146573

8705.0 0.000153441

8710.0 0.000144877

8715.0 0.000146317

8720.0 0.000142481

8725.0 0.000142936

8730.0 0.000137929

8735.0 0.000137714

8740.0 0.000143435

8745.0 0.000131455

8750.0 0.000119999

8755.0 0.000130754

8760.0 0.000127674

8765.0 0.000124566

8770.0 0.00011993

8775.0 0.000107346

8780.0 0.000109998

8785.0 0.000108939

8790.0 0.000107651

8795.0 0.000106414

8800.0 0.000102122

8805.0 0.000100997

8810.0 9.38e-05

8815.0 9.48e-05

8820.0 8.57e-05

8825.0 8.64e-05

8830.0 8.59e-05

8835.0 8.38e-05

8840.0 7.69e-05

8845.0 7.53e-05

8850.0 7.19e-05

8855.0 7.62e-05

8860.0 7.26e-05

8865.0 6.92e-05

8870.0 6.61e-05

8875.0 6.61e-05

8880.0 6.76e-05

8885.0 6.61e-05

8890.0 6.32e-05

8895.0 5.57e-05

8900.0 5.84e-05

8905.0 6.46e-05

8910.0 5.83e-05

8915.0 6.27e-05

8920.0 5.45e-05

8925.0 5.63e-05

8930.0 5.82e-05

8935.0 5.9e-05

8940.0 5.61e-05

8945.0 4.99e-05

8950.0 5.38e-05

8955.0 5.31e-05

8960.0 4.89e-05

8965.0 5.11e-05

8970.0 5.04e-05

8975.0 4.98e-05

8980.0 5.01e-05

8985.0 4.68e-05

8990.0 5.17e-05

8995.0 4.46e-05

9000.0 4.28e-05

9005.0 4.58e-05

9010.0 4.78e-05

9015.0 4.9e-05

9020.0 4.46e-05

9025.0 5.06e-05

9030.0 4.42e-05

9035.0 3.9e-05

9040.0 3.9e-05

9045.0 4.35e-05

9050.0 4.37e-05

9055.0 3.71e-05

9060.0 4.01e-05

9065.0 3.94e-05

9070.0 3.65e-05

9075.0 4.53e-05

9080.0 4.55e-05

9085.0 4.16e-05

9090.0 3.72e-05

9095.0 4.63e-05

9100.0 3.39e-05

9105.0 3.42e-05

9110.0 4.41e-05

9115.0 4.2e-05

9120.0 3.42e-05

9125.0 3.78e-05

9130.0 3.42e-05

9135.0 3.66e-05

9140.0 4.8e-05

9145.0 3.67e-05

9150.0 3.51e-05

9155.0 3.9e-05

9160.0 3.21e-05

9165.0 3.77e-05

9170.0 3.95e-05

9175.0 3.99e-05

9180.0 3.95e-05

9185.0 4.04e-05

9190.0 3.45e-05

9195.0 3.99e-05

9200.0 4.2e-05

9205.0 3.5225e-05

9210.0 4.02e-05

9215.0 3.31e-05

9220.0 3.8e-05

9225.0 3.75e-05

9230.0 3.77e-05

9235.0 3.61e-05

9240.0 3.8e-05

9245.0 3.77e-05

9250.0 3.82e-05

9255.0 3.95e-05

9260.0 4.03e-05

9265.0 3.9e-05

9270.0 3.42e-05

9275.0 3.94e-05

9280.0 3.45e-05

9285.0 3.6e-05

9290.0 3.67e-05

9295.0 3.59e-05

9300.0 3.92e-05

9305.0 3.94e-05

9310.0 3.35e-05

9315.0 3.79e-05

9320.0 3.6e-05

9325.0 3.61e-05

9330.0 3.83e-05

9335.0 3.66e-05

9340.0 3.56e-05

9345.0 3.24e-05

9350.0 3.68e-05

9355.0 4.24e-05

9360.0 3.53e-05

9365.0 3.47e-05

9370.0 3.59e-05

9375.0 3.71e-05

9380.0 4.24e-05

9385.0 3.54e-05

9390.0 3.61e-05

9395.0 3.53e-05

9400.0 3.71e-05

9405.0 3.59e-05

9410.0 4.31e-05

9415.0 3.51e-05

9420.0 3.73e-05

9425.0 3.66e-05

9430.0 3.97e-05

9435.0 3.65e-05

9440.0 3.81e-05

9445.0 3.43e-05

9450.0 3.76e-05

9455.0 3.71e-05

9460.0 3.75e-05

9465.0 3.78e-05

9470.0 2.9e-05

9475.0 4.11e-05

9480.0 2.96e-05

9485.0 3.37e-05

9490.0 3.27e-05

9495.0 3.32e-05

9500.0 3.55e-05

9505.0 3.52e-05

9510.0 2.97e-05

9515.0 3.54e-05

9520.0 3.9e-05

9525.0 3.32e-05

9530.0 3.23e-05

9535.0 3.23e-05

9540.0 3.38e-05

9545.0 3.57e-05

9550.0 3.13e-05

9555.0 3.36e-05

9560.0 3.39e-05

9565.0 3.47e-05

9570.0 3.4e-05

9575.0 3.45e-05

9580.0 3.27e-05

9585.0 3.62e-05

9590.0 3.21e-05

9595.0 3.5814e-05

9600.0 3.22e-05

9605.0 3.37e-05

9610.0 3.39e-05

9615.0 3.23e-05

9620.0 3.33e-05

9625.0 3.24e-05

9630.0 3.16e-05

9635.0 3.14e-05

9640.0 3.4e-05

9645.0 3.05e-05

9650.0 3.17e-05

9655.0 3.12e-05

9660.0 3.46e-05

9665.0 3.4e-05

9670.0 2.9e-05

9675.0 3.18e-05

9680.0 3e-05

9685.0 3.14e-05

9690.0 3.44e-05

9695.0 3.11e-05

9700.0 2.73e-05

9705.0 3.5261e-05

9710.0 3.29e-05

9715.0 3.49e-05

9720.0 3.09e-05

9725.0 3.02e-05

9730.0 3.22e-05

9735.0 3.45e-05

9740.0 3.15e-05

9745.0 3.68e-05

9750.0 2.92e-05

9755.0 3.37e-05

9760.0 3.31e-05

9765.0 2.94e-05

9770.0 3.17e-05

9775.0 3.14e-05

9780.0 2.99e-05

9785.0 3.61e-05

9790.0 3.07e-05

9795.0 3.11e-05

9800.0 3.25e-05

9805.0 3.18e-05

9810.0 3.12e-05

9815.0 2.72e-05

9820.0 3.39e-05

9825.0 3.07e-05

9830.0 2.89e-05

9835.0 3.35e-05

9840.0 3.1e-05

9845.0 3.16e-05

9850.0 3.246e-05

9855.0 3.75e-05

9860.0 3.1e-05

9865.0 3.47e-05

9870.0 3.27e-05

9875.0 3.17e-05

9880.0 2.32e-05

9885.0 3.49e-05

9890.0 2.98e-05

9895.0 3.13e-05

9900.0 3.88e-05

9905.0 3.46e-05

9910.0 3.28e-05

9915.0 2.96e-05

9920.0 3.23e-05

9925.0 2.94e-05

9930.0 3.28e-05

9935.0 3.42e-05

9940.0 3.16e-05

9945.0 3.24e-05

9950.0 3.33e-05

9955.0 3.18e-05

9960.0 3.02e-05

9965.0 3.33e-05

9970.0 3.29e-05

9975.0 2.61e-05

9980.0 3.14e-05

9985.0 3.1e-05

9990.0 3.15e-05

9995.0 3.42e-05

10000.0 3.44e-05

10005.0 3.39e-05

10010.0 3.28e-05

10015.0 3.25e-05

10020.0 2.92e-05

10025.0 2.6e-05

10030.0 3.13e-05

10035.0 3.19e-05

10040.0 2.92e-05

10045.0 3.35e-05

10050.0 2.89e-05

10055.0 2.9e-05

10060.0 2.78e-05

10065.0 3.15e-05

10070.0 3.14e-05

10075.0 3.44e-05

10080.0 3.01e-05

10085.0 3.2e-05

10090.0 3.07e-05

10095.0 3.49e-05

10100.0 3.1e-05

10105.0 3.31e-05

10110.0 3.36e-05

10115.0 2.99e-05

10120.0 3.04e-05

10125.0 2.98e-05

10130.0 3.27e-05

10135.0 3.21e-05

10140.0 3.19e-05

10145.0 3.48e-05

10150.0 3.77e-05

10155.0 3.24e-05

10160.0 3.28e-05

10165.0 3.15e-05

10170.0 3.55e-05

10175.0 2.92e-05

10180.0 2.87e-05

10185.0 3.55e-05

10190.0 3.26e-05

10195.0 3.13e-05

10200.0 3.18e-05

10205.0 3.27e-05

10210.0 3.14e-05

10215.0 3.13e-05

10220.0 2.88e-05

10225.0 3.27e-05

10230.0 3.83e-05

10235.0 3.16e-05

10240.0 2.97e-05

10245.0 3.19e-05

10250.0 2.87e-05

10255.0 3.24e-05

10260.0 2.72e-05

10265.0 3.65e-05

10270.0 3.27e-05

10275.0 3.01e-05

10280.0 3.07e-05

10285.0 3.36e-05

10290.0 3.29e-05

10295.0 3.07e-05

10300.0 3.15e-05

10305.0 2.91e-05

10310.0 3.6e-05

10315.0 3.03e-05

10320.0 3.18e-05

10325.0 3.35e-05

10330.0 2.79e-05

10335.0 2.88e-05

10340.0 3.49e-05

10345.0 2.37e-05

10350.0 3.02e-05

10355.0 2.54e-05

10360.0 3.51e-05

10365.0 3.07e-05

10370.0 3.56e-05

10375.0 3.31e-05

10380.0 2.63e-05

10385.0 3.38e-05

10390.0 3.62e-05

10395.0 3.35e-05

10400.0 2.75e-05

10405.0 3.14e-05

10410.0 3.58e-05

10415.0 3.87e-05

10420.0 3.3e-05

10425.0 3.23e-05

10430.0 3.15e-05

10435.0 3.15e-05

10440.0 2.78e-05

10445.0 3.06e-05

10450.0 3.15e-05

10455.0 3.69e-05

10460.0 3.36e-05

10465.0 3.56e-05

10470.0 2.92e-05

10475.0 2.91e-05

10480.0 3.44e-05

10485.0 3.36e-05

10490.0 3.54e-05

10495.0 3.64e-05

10500.0 3.32e-05

10505.0 2.78e-05

10510.0 2.96e-05

10515.0 3.2e-05

10520.0 3.41e-05

10525.0 3.54e-05

10530.0 2.95e-05

10535.0 3.2e-05

10540.0 3.33e-05

10545.0 3.48e-05

10550.0 3.56e-05

10555.0 3.05e-05

10560.0 3.49e-05

10565.0 3.48e-05

10570.0 3.57e-05

10575.0 2.99e-05

10580.0 3.09e-05

10585.0 3.06e-05

10590.0 2.99e-05

10595.0 3.48e-05

10600.0 3.28e-05

10605.0 3.79e-05

10610.0 3.11e-05

10615.0 3.22e-05

10620.0 4.06e-05

10625.0 3.66e-05

10630.0 2.93e-05

10635.0 3.45e-05

10640.0 3.5e-05

10645.0 3.23e-05

10650.0 4.09e-05

10655.0 3.24e-05

10660.0 3.15e-05

10665.0 4e-05

10670.0 3.53e-05

10675.0 3.42e-05

10680.0 3.4e-05

10685.0 3.47e-05

10690.0 3.51e-05

10695.0 3.63e-05

10700.0 3.24e-05

10705.0 3.76e-05

10710.0 3.54e-05

10715.0 3.52e-05

10720.0 3.5e-05

10725.0 3.62e-05

10730.0 3.52e-05

10735.0 3.92e-05

10740.0 3.59e-05

10745.0 3.52e-05

10750.0 3.58e-05

10755.0 3.78e-05

10760.0 3.24e-05

10765.0 3.56e-05

10770.0 3.92e-05

10775.0 3.07e-05

10780.0 3.39e-05

10785.0 4.01e-05

10790.0 3.59e-05

10795.0 3.13e-05

10800.0 3.41e-05

10805.0 3.99e-05

10810.0 3.6608e-05

10815.0 3.39e-05

10820.0 3.65e-05

10825.0 3.05e-05

10830.0 4e-05

10835.0 3.89e-05

10840.0 3.69e-05

10845.0 3.93e-05

10850.0 3.95e-05

10855.0 3.83e-05

10860.0 3.83e-05

10865.0 3.91e-05

10870.0 3.95e-05

10875.0 3.7e-05

10880.0 3.29e-05

10885.0 4.28e-05

10890.0 3.53e-05

10895.0 4.35e-05

10900.0 4.54e-05

10905.0 4.12e-05

10910.0 4.04e-05

10915.0 3.41e-05

10920.0 4.04e-05

10925.0 4.2015e-05

10930.0 4.38e-05

10935.0 3.9e-05

10940.0 3.78e-05

10945.0 4.5e-05

10950.0 3.59e-05

10955.0 3.86e-05

10960.0 4.3566e-05

10965.0 4.17e-05

10970.0 4.43e-05

10975.0 4.59e-05

10980.0 4.52e-05

10985.0 5.2e-05

10990.0 3.87e-05

10995.0 4.83e-05

11000.0 4.33e-05
