Filters/sdss-r.ecsv
# %ECSV 0.9

# ---

# datatype:

# - {name: Wavelength (A), datatype: float64}

# - {name: Transmittance, datatype: float64}

# schema: astropy-2.0

"Wavelength (A)" Transmittance

3000.0 2.71e-06

3005.0 2.79e-06

3010.0 1.69e-06

3015.0 3.82e-06

3020.0 3.38e-06

3025.0 2.12e-06

3030.0 2.6e-06

3035.0 2.07e-06

3040.0 2.72e-06

3045.0 4.08e-06

3050.0 3.34e-06

3055.0 3.26e-06

3060.0 2.53e-06

3065.0 2.58e-06

3070.0 2.42e-06

3075.0 3.01e-06

3080.0 2.23e-06

3085.0 2.95e-06

3090.0 2.78e-06

3095.0 2.63e-06

3100.0 3.18e-06

3105.0 3.2e-06

3110.0 2.72e-06

3115.0 4.13e-06

3120.0 1.15e-06

3125.0 4.74e-06

3130.0 3.46e-06

3135.0 2.9e-06

3140.0 3.56e-06

3145.0 2.03e-06

3150.0 3.44e-06

3155.0 2.68e-06

3160.0 1.896e-06

3165.0 3.18e-06

3170.0 3.76e-06

3175.0 2.87e-06

3180.0 3.22e-06

3185.0 1.55e-06

3190.0 2.56e-06

3195.0 3e-06

3200.0 3.14e-06

3205.0 3.11e-06

3210.0 3.39e-06

3215.0 3.07e-06

3220.0 1.61e-06

3225.0 3.34e-06

3230.0 4.06e-06

3235.0 2.95e-06

3240.0 3.82e-06

3245.0 2.97e-06

3250.0 3.62e-06

3255.0 3.07e-06

3260.0 2.59e-06

3265.0 1.79e-06

3270.0 1.38e-06

3275.0 3.38e-06

3280.0 2.24e-06

3285.0 2.8e-06

3290.0 3.22e-06

3295.0 2.93e-06

3300.0 3.08e-06

3305.0 3.17e-06

3310.0 4.54e-06

3315.0 3.07e-06

3320.0 3.6e-06

3325.0 3.55e-06

3330.0 3.14e-06

3335.0 3.32e-06

3340.0 2.25e-06

3345.0 3.31e-06

3350.0 3.69e-06

3355.0 3.12e-06

3360.0 3.23e-06

3365.0 2.4e-06

3370.0 2.1e-06

3375.0 4.07e-06

3380.0 3.03e-06

3385.0 3.08e-06

3390.0 2.63e-06

3395.0 3.3e-06

3400.0 3.51e-06

3405.0 2.87e-06

3410.0 2.4e-06

3415.0 3.06e-06

3420.0 3.06e-06

3425.0 4.2e-06

3430.0 2.7e-06

3435.0 2.17e-06

3440.0 2.72e-06

3445.0 3.08e-06

3450.0 3.05e-06

3455.0 2.51e-06

3460.0 3.59e-06

3465.0 2.63e-06

3470.0 2.56e-06

3475.0 3.39e-06

3480.0 2.53e-06

3485.0 3.78e-06

3490.0 2.23e-06

3495.0 -5.02e-06

3500.0 3.48e-06

3505.0 3.1e-06

3510.0 3.09e-06

3515.0 1.89e-06

3520.0 2.7e-06

3525.0 3.72e-06

3530.0 2.22e-06

3535.0 2.97e-06

3540.0 3.3e-06

3545.0 1.55e-06

3550.0 3.55e-06

3555.0 3.33e-06

3560.0 2.56e-06

3565.0 3.01e-06

3570.0 3.873e-06

3575.0 2.77e-06

3580.0 2.43e-06

3585.0 4.37e-06

3590.0 1.48e-06

3595.0 2.99e-06

3600.0 2.52e-06

3605.0 3.51e-06

3610.0 1.64e-06

3615.0 2.17e-06

3620.0 2.87e-06

3625.0 2.76e-06

3630.0 3.3e-06

3635.0 1.91e-06

3640.0 2.659e-06

3645.0 3.44e-06

3650.0 1.75e-06

3655.0 2.67e-06

3660.0 2.82e-06

3665.0 3.87e-06

3670.0 1.6e-06

3675.0 3.47e-06

3680.0 3.42e-06

3685.0 3.52e-06

3690.0 2.62e-06

3695.0 2.82e-06

3700.0 2.21e-06

3705.0 1.93e-06

3710.0 3.09e-06

3715.0 2.29e-06

3720.0 2.69e-06

3725.0 2.68e-06

3730.0 3.64e-06

3735.0 2.03e-06

3740.0 2.92e-06

3745.0 3.52e-06

3750.0 2.95e-06

3755.0 3.37e-06

3760.0 3.25e-06

3765.0 2.29e-06

3770.0 1.85e-06

3775.0 2.82e-06

3780.0 2.54e-06

3785.0 2.89e-06

3790.0 3.06e-06

3795.0 2.32e-06

3800.0 2.76e-06

3805.0 2.27e-06

3810.0 2.57e-06

3815.0 2.45e-06

3820.0 1.43e-06

3825.0 2.83e-06

3830.0 2.13e-06

3835.0 2.37e-06

3840.0 2.97e-06

3845.0 2.77e-06

3850.0 2.68e-06

3855.0 3.02e-06

3860.0 2e-06

3865.0 2.62e-06

3870.0 3.22e-06

3875.0 3.83e-06

3880.0 3.34e-06

3885.0 3.19e-06

3890.0 4.42e-06

3895.0 3.6e-06

3900.0 1.85e-06

3905.0 2.62e-06

3910.0 2.46e-06

3915.0 3.42e-06

3920.0 2.5e-06

3925.0 2.62e-06

3930.0 3.69e-06

3935.0 2.71e-06

3940.0 3.34e-06

3945.0 3.12e-06

3950.0 1.64e-06

3955.0 4.55e-06

3960.0 2.42e-06

3965.0 3.02e-06

3970.0 3.22e-06

3975.0 3.17e-06

3980.0 4.24e-06

3985.0 3.23e-06

3990.0 2.16e-06

3995.0 3.33e-06

4000.0 2.22e-06

4005.0 2.14e-06

4010.0 3.5e-06

4015.0 3.53e-06

4020.0 4.61e-06

4025.0 1.4e-06

4030.0 3.01e-06

4035.0 2.44e-06

4040.0 3.43e-06

4045.0 2.48e-06

4050.0 3.78e-06

4055.0 2.62e-06

4060.0 2.23e-06

4065.0 3e-06

4070.0 2.48e-06

4075.0 2.65e-06

4080.0 4.23e-06

4085.0 2.04e-06

4090.0 1.62e-06

4095.0 3.6e-06

4100.0 3.06e-06

4105.0 3.5e-06

4110.0 3.66e-06

4115.0 3.67e-06

4120.0 2.76e-06

4125.0 2.87e-06

4130.0 2.48e-06

4135.0 2.98e-06

4140.0 3.65e-06

4145.0 3.68e-06

4150.0 2.66e-06

4155.0 3.46e-06

4160.0 2.89e-06

4165.0 3.44e-06

4170.0 2.2e-06

4175.0 2.93e-06

4180.0 3.175e-06

4185.0 3.16e-06

4190.0 2.07e-06

4195.0 2.3e-06

4200.0 2.47e-06

4205.0 2.97e-06

4210.0 2.14e-06

4215.0 2.28e-06

4220.0 3.01e-06

4225.0 4.04e-06

4230.0 2.87e-06

4235.0 1.3e-06

4240.0 2.38e-06

4245.0 2.5e-06

4250.0 2.46e-06

4255.0 2.1e-06

4260.0 2.96e-06

4265.0 2.97e-06

4270.0 2.45e-06

4275.0 1.81e-06

4280.0 3.49e-06

4285.0 3.8e-06

4290.0 3.33e-06

4295.0 1.83e-06

4300.0 3.58e-06

4305.0 3.28e-06

4310.0 2.77e-06

4315.0 2.93e-06

4320.0 1.58e-06

4325.0 2.87e-06

4330.0 2.27e-06

4335.0 2.13e-06

4340.0 2.8e-06

4345.0 2.5e-06

4350.0 3.12e-06

4355.0 2.69e-06

4360.0 2.6e-06

4365.0 3.37e-06

4370.0 3.96e-06

4375.0 2.35e-06

4380.0 2.19e-06

4385.0 3.42e-06

4390.0 3.16e-06

4395.0 3.77e-06

4400.0 3.39e-06

4405.0 2.93e-06

4410.0 2.46e-06

4415.0 2.92e-06

4420.0 3.7e-06

4425.0 3.31e-06

4430.0 3.19e-06

4435.0 2.59e-06

4440.0 3.71e-06

4445.0 2.83e-06

4450.0 2.3e-06

4455.0 3.95e-06

4460.0 3.62e-06

4465.0 2.91e-06

4470.0 3.49e-06

4475.0 2.61e-06

4480.0 2.76e-06

4485.0 2.94e-06

4490.0 1.3e-06

4495.0 2.47e-06

4500.0 2.97e-06

4505.0 2.4e-06

4510.0 3.71e-06

4515.0 2.63e-06

4520.0 3.22e-06

4525.0 3.15e-06

4530.0 3.95e-06

4535.0 2.21e-06

4540.0 2.74e-06

4545.0 2.58e-06

4550.0 2.99e-06

4555.0 2.82e-06

4560.0 3.37e-06

4565.0 4.18e-06

4570.0 3.51e-06

4575.0 3.13e-06

4580.0 4.06e-06

4585.0 3.17e-06

4590.0 3.1e-06

4595.0 3.29e-06

4600.0 2.96e-06

4605.0 3.69e-06

4610.0 2.83e-06

4615.0 2.71e-06

4620.0 3.74e-06

4625.0 2.31e-06

4630.0 2.84e-06

4635.0 3.64e-06

4640.0 2.52e-06

4645.0 2.57e-06

4650.0 2.83e-06

4655.0 3.49e-06

4660.0 2.92e-06

4665.0 3.84e-06

4670.0 2.77e-06

4675.0 2.72e-06

4680.0 2.77e-06

4685.0 3.3e-06

4690.0 3.08e-06

4695.0 3.83e-06

4700.0 2.98e-06

4705.0 3.34e-06

4710.0 2.87e-06

4715.0 2.56e-06

4720.0 2.13e-06

4725.0 3.27e-06

4730.0 2.8e-06

4735.0 2.68e-06

4740.0 2.22e-06

4745.0 3.49e-06

4750.0 3.84e-06

4755.0 2.79e-06

4760.0 3.64e-06

4765.0 2.71e-06

4770.0 3.55e-06

4775.0 3.3e-06

4780.0 3.08e-06

4785.0 2.83e-06

4790.0 3.4e-06

4795.0 2.56e-06

4800.0 3.1e-06

4805.0 2.91e-06

4810.0 3.57e-06

4815.0 3.46e-06

4820.0 3.64e-06

4825.0 3.78e-06

4830.0 3.04e-06

4835.0 3.35e-06

4840.0 3.17e-06

4845.0 3.03e-06

4850.0 3.55e-06

4855.0 3.94e-06

4860.0 2.49e-06

4865.0 3.77e-06

4870.0 3.66e-06

4875.0 3.26e-06

4880.0 2.68e-06

4885.0 2.72e-06

4890.0 2.67e-06

4895.0 3.44e-06

4900.0 3.32e-06

4905.0 3.55e-06

4910.0 4.41e-06

4915.0 3.27e-06

4920.0 2.82e-06

4925.0 2.98e-06

4930.0 3.65e-06

4935.0 4.01e-06

4940.0 3.94e-06

4945.0 3.53e-06

4950.0 3.42e-06

4955.0 2.58e-06

4960.0 4.32e-06

4965.0 3.75e-06

4970.0 4.59e-06

4975.0 3.35e-06

4980.0 3.88e-06

4985.0 3.29e-06

4990.0 3.56e-06

4995.0 3.55e-06

5000.0 3.31e-06

5005.0 3.6e-06

5010.0 4.34e-06

5015.0 3.83e-06

5020.0 3.66e-06

5025.0 3.14e-06

5030.0 3.65e-06

5035.0 2.7e-06

5040.0 3.23e-06

5045.0 4.47e-06

5050.0 3.22e-06

5055.0 4.23e-06

5060.0 4.39e-06

5065.0 3.37e-06

5070.0 3.89e-06

5075.0 4.91e-06

5080.0 4.39e-06

5085.0 4.73e-06

5090.0 3.38e-06

5095.0 4.31e-06

5100.0 4.46e-06

5105.0 4.04e-06

5110.0 3.47e-06

5115.0 3.63e-06

5120.0 3.03e-06

5125.0 2.88e-06

5130.0 2.45e-06

5135.0 3.55e-06

5140.0 3.47e-06

5145.0 4.11e-06

5150.0 3.35e-06

5155.0 4.01e-06

5160.0 3.27e-06

5165.0 2.91e-06

5170.0 3.65e-06

5175.0 4.22e-06

5180.0 2.62e-06

5185.0 3.54e-06

5190.0 3.77e-06

5195.0 3.51e-06

5200.0 3.29e-06

5205.0 2.98e-06

5210.0 3.23e-06

5215.0 4.15e-06

5220.0 4.48e-06

5225.0 3.71e-06

5230.0 3.29e-06

5235.0 4.49e-06

5240.0 3.59e-06

5245.0 3.21e-06

5250.0 2.35e-06

5255.0 2.82e-06

5260.0 3.78e-06

5265.0 3.48e-06

5270.0 4.13e-06

5275.0 2.87e-06

5280.0 3.97e-06

5285.0 3.97e-06

5290.0 2.45e-06

5295.0 3.67e-06

5300.0 2.3e-06

5305.0 2.57e-06

5310.0 3.18e-06

5315.0 3.96e-06

5320.0 4.54e-06

5325.0 3.84e-06

5330.0 4.22e-06

5335.0 6.98e-06

5340.0 8.39e-06

5345.0 8.74e-06

5350.0 1.59e-05

5355.0 3.18e-05

5360.0 5.06e-05

5365.0 8.47e-05

5370.0 0.000137314

5375.0 0.000224913

5380.0 0.000354283

5385.0 0.000557711

5390.0 0.000847003

5395.0 0.001271939

5400.0 0.001880982

5405.0 0.002707832

5410.0 0.003836958

5415.0 0.005357123

5420.0 0.007323727

5425.0 0.009842871

5430.0 0.012996185

5435.0 0.016911619

5440.0 0.021671298

5445.0 0.027452905

5450.0 0.034321618

5455.0 0.042173071

5460.0 0.05123353

5465.0 0.061613712

5470.0 0.072977414

5475.0 0.08570508

5480.0 0.099804039

5485.0 0.11487339

5490.0 0.131129713

5495.0 0.148287849

5500.0 0.166488209

5505.0 0.185530949

5510.0 0.205418816

5515.0 0.226041832

5520.0 0.246702118

5525.0 0.268158264

5530.0 0.290049114

5535.0 0.311434326

5540.0 0.333448334

5545.0 0.355596085

5550.0 0.377177239

5555.0 0.39881012

5560.0 0.420023956

5565.0 0.440963326

5570.0 0.461378784

5575.0 0.481553955

5580.0 0.501207047

5585.0 0.52006691

5590.0 0.538416977

5595.0 0.556431656

5600.0 0.573267288

5605.0 0.589842987

5610.0 0.60594471

5615.0 0.621028481

5620.0 0.635688324

5625.0 0.64960846

5630.0 0.662911682

5635.0 0.67573288

5640.0 0.687917709

5645.0 0.699634857

5650.0 0.710667496

5655.0 0.721338577

5660.0 0.731609726

5665.0 0.741295471

5670.0 0.750826035

5675.0 0.760071716

5680.0 0.768786774

5685.0 0.777267075

5690.0 0.785335007

5695.0 0.793286285

5700.0 0.800653381

5705.0 0.808097687

5710.0 0.815322571

5715.0 0.822155762

5720.0 0.828882446

5725.0 0.835392532

5730.0 0.841644135

5735.0 0.847994766

5740.0 0.854011383

5745.0 0.859758453

5750.0 0.865293579

5755.0 0.870786285

5760.0 0.876033096

5765.0 0.881029892

5770.0 0.885792847

5775.0 0.890355759

5780.0 0.894721146

5785.0 0.89891777

5790.0 0.902886581

5795.0 0.906516876

5800.0 0.909866867

5805.0 0.91317215

5810.0 0.916286545

5815.0 0.919031525

5820.0 0.921572647

5825.0 0.923835526

5830.0 0.925900192

5835.0 0.928190079

5840.0 0.930184097

5845.0 0.931751709

5850.0 0.93322464

5855.0 0.934518509

5860.0 0.936019516

5865.0 0.937342987

5870.0 0.938510208

5875.0 0.939545746

5880.0 0.940524674

5885.0 0.94151062

5890.0 0.942570114

5895.0 0.943477249

5900.0 0.944301071

5905.0 0.945204697

5910.0 0.946212692

5915.0 0.947256775

5920.0 0.948217773

5925.0 0.949132004

5930.0 0.950076752

5935.0 0.951233521

5940.0 0.952335053

5945.0 0.953418884

5950.0 0.954351196

5955.0 0.955174408

5960.0 0.956524735

5965.0 0.957721252

5970.0 0.958844757

5975.0 0.959865723

5980.0 0.960869217

5985.0 0.961947403

5990.0 0.96302536

5995.0 0.964129486

6000.0 0.965030289

6005.0 0.965894241

6010.0 0.966693802

6015.0 0.967600555

6020.0 0.968452301

6025.0 0.969161453

6030.0 0.96978302

6035.0 0.970366058

6040.0 0.971023636

6045.0 0.971600342

6050.0 0.972033081

6055.0 0.972404175

6060.0 0.97267128

6065.0 0.973089294

6070.0 0.973461533

6075.0 0.9736763

6080.0 0.973812256

6085.0 0.973916779

6090.0 0.974083633

6095.0 0.974318161

6100.0 0.974432831

6105.0 0.974362335

6110.0 0.97438446

6115.0 0.974513321

6120.0 0.974598694

6125.0 0.974664612

6130.0 0.974753876

6135.0 0.97471283

6140.0 0.974753113

6145.0 0.974885559

6150.0 0.975023804

6155.0 0.975092316

6160.0 0.975179138

6165.0 0.975315857

6170.0 0.975551453

6175.0 0.975713425

6180.0 0.975959625

6185.0 0.976005936

6190.0 0.976212311

6195.0 0.976617127

6200.0 0.976895905

6205.0 0.977085571

6210.0 0.977349625

6215.0 0.977566986

6220.0 0.977957993

6225.0 0.978326721

6230.0 0.978567734

6235.0 0.978844452

6240.0 0.979091263

6245.0 0.979446182

6250.0 0.979796372

6255.0 0.980014725

6260.0 0.980179901

6265.0 0.980471039

6270.0 0.980718765

6275.0 0.980948181

6280.0 0.981110306

6285.0 0.981147003

6290.0 0.981229401

6295.0 0.981434174

6300.0 0.981505661

6305.0 0.981562653

6310.0 0.981425552

6315.0 0.981316528

6320.0 0.981282425

6325.0 0.981307297

6330.0 0.9811763

6335.0 0.980946503

6340.0 0.980697708

6345.0 0.980513153

6350.0 0.980353088

6355.0 0.980065613

6360.0 0.979724045

6365.0 0.979475174

6370.0 0.979145279

6375.0 0.978980103

6380.0 0.978740311

6385.0 0.978280487

6390.0 0.977952347

6395.0 0.977746506

6400.0 0.977585602

6405.0 0.977313461

6410.0 0.977097702

6415.0 0.976882172

6420.0 0.976730499

6425.0 0.976658325

6430.0 0.976647644

6435.0 0.976594544

6440.0 0.976461563

6445.0 0.976444778

6450.0 0.976586456

6455.0 0.976722565

6460.0 0.976760254

6465.0 0.976844254

6470.0 0.976984711

6475.0 0.977233505

6480.0 0.977481461

6485.0 0.977587891

6490.0 0.977811279

6495.0 0.977907639

6500.0 0.978143616

6505.0 0.978393021

6510.0 0.978415375

6515.0 0.978407059

6520.0 0.978390122

6525.0 0.97839798

6530.0 0.978370743

6535.0 0.978292999

6540.0 0.977889557

6545.0 0.977628098

6550.0 0.977151871

6555.0 0.97679451

6560.0 0.976114655

6565.0 0.975354919

6570.0 0.974597855

6575.0 0.973812027

6580.0 0.972950516

6585.0 0.971938171

6590.0 0.970936508

6595.0 0.969784622

6600.0 0.968597565

6605.0 0.967521896

6610.0 0.966429749

6615.0 0.965263672

6620.0 0.964142914

6625.0 0.96310112

6630.0 0.962189484

6635.0 0.961455383

6640.0 0.960743485

6645.0 0.960189514

6650.0 0.959953308

6655.0 0.959916382

6660.0 0.96013649

6665.0 0.960484848

6670.0 0.961152344

6675.0 0.962201691

6680.0 0.963473892

6685.0 0.965068817

6690.0 0.966918793

6695.0 0.968943329

6700.0 0.971272049

6705.0 0.973699722

6710.0 0.97626152

6715.0 0.978768463

6720.0 0.980973053

6725.0 0.982868042

6730.0 0.984667282

6735.0 0.985338364

6740.0 0.985110474

6745.0 0.983553848

6750.0 0.98027565

6755.0 0.975101547

6760.0 0.967538452

6765.0 0.957169266

6770.0 0.944034958

6775.0 0.927211456

6780.0 0.90656868

6785.0 0.88292244

6790.0 0.85499527

6795.0 0.823294678

6800.0 0.788977509

6805.0 0.751266556

6810.0 0.710846634

6815.0 0.668900452

6820.0 0.625877571

6825.0 0.582286949

6830.0 0.539039536

6835.0 0.497224045

6840.0 0.455913963

6845.0 0.416168785

6850.0 0.379615326

6855.0 0.344916611

6860.0 0.31235426

6865.0 0.282883644

6870.0 0.255627155

6875.0 0.230579014

6880.0 0.207680798

6885.0 0.187212448

6890.0 0.168774509

6895.0 0.152037668

6900.0 0.137232142

6905.0 0.123729334

6910.0 0.11143465

6915.0 0.100824947

6920.0 0.091083107

6925.0 0.082336493

6930.0 0.074667506

6935.0 0.06768929

6940.0 0.061505518

6945.0 0.055863419

6950.0 0.050832472

6955.0 0.04631494

6960.0 0.042161212

6965.0 0.038550057

6970.0 0.035197172

6975.0 0.032159605

6980.0 0.029493592

6985.0 0.02703315

6990.0 0.024805861

6995.0 0.022825294

7000.0 0.020991287

7005.0 0.01934543

7010.0 0.017830908

7015.0 0.016469264

7020.0 0.015224298

7025.0 0.014075699

7030.0 0.013052272

7035.0 0.012088261

7040.0 0.011205249

7045.0 0.010418146

7050.0 0.009678371

7055.0 0.009004264

7060.0 0.008392884

7065.0 0.00782019

7070.0 0.007291046

7075.0 0.006805391

7080.0 0.006361545

7085.0 0.005951905

7090.0 0.005565546

7095.0 0.005218329

7100.0 0.004892046

7105.0 0.004579581

7110.0 0.004305938

7115.0 0.004047965

7120.0 0.003800247

7125.0 0.003579588

7130.0 0.003370722

7135.0 0.003175731

7140.0 0.002994129

7145.0 0.002825697

7150.0 0.002666377

7155.0 0.002518622

7160.0 0.002381256

7165.0 0.00225308

7170.0 0.002131737

7175.0 0.002018657

7180.0 0.001915232

7185.0 0.001814414

7190.0 0.001722661

7195.0 0.001634659

7200.0 0.001555704

7205.0 0.001476467

7210.0 0.001407119

7215.0 0.001338482

7220.0 0.001273633

7225.0 0.001215709

7230.0 0.001157282

7235.0 0.001103729

7240.0 0.001053203

7245.0 0.001005168

7250.0 0.000959493

7255.0 0.000918062

7260.0 0.000879355

7265.0 0.000841624

7270.0 0.000805037

7275.0 0.000770335

7280.0 0.000738908

7285.0 0.00070936

7290.0 0.000678407

7295.0 0.000651515

7300.0 0.000625173

7305.0 0.000600428

7310.0 0.000576632

7315.0 0.000556794

7320.0 0.000533054

7325.0 0.000512232

7330.0 0.000491131
